calib_AVP5-CAMERA-FRONT_to_velodyne64: -0.0039555065777307115 -0.027058782244075402 0.9996260182043986 0.0 -0.9999824912046559 -0.004292670280947234 -0.004073115022823288 0.0 0.0044012784328653284 -0.9996246271902902 -0.0270413287918625 0.0 -0.14030844957799118 1.190607055353828 -3.0997293930535816 1.0
AVP5-CAMERA-FRONT_D: -0.3201545 0.1133811 -0.0263848 0.0014898
AVP5-CAMERA-FRONT_K: 2439.9014 0.0 1937.61133 0.0 2439.9014 1353.51111 0.0 0.0 1.0
AVP5-CAMERA-FRONT_image_width: 3856.0
AVP5-CAMERA-FRONT_image_height: 2176.0
AVP5-CAMERA-FRONT_image_scale: 1
