calib_AVP5-CAMERA-FRONT_to_velodyne64: -0.0040366577631694815 -0.027103878532513836 0.9996244720706858 0.0 -0.9999820090621412 -0.004325994585273391 -0.00415539683925263 0.0 0.004436997424670095 -0.9996232618038372 -0.027085928348693337 0.0 -0.13567994721343613 1.192612030658156 -3.0994286060998224 1.0
AVP5-CAMERA-FRONT_D: -0.3201545 0.1133811 -0.0263848 0.0014898
AVP5-CAMERA-FRONT_K: 2439.9014 0.0 1937.61133 0.0 2439.9014 1353.51111 0.0 0.0 1.0
AVP5-CAMERA-FRONT_image_width: 3856.0
AVP5-CAMERA-FRONT_image_height: 2176.0
AVP5-CAMERA-FRONT_image_scale: 1
