calib_AVP5-CAMERA-FRONT_to_velodyne64: -0.004155282540673013 -0.02719359851115633 0.9996215493010445 0.0 -0.9999801885710605 -0.004613518376518683 -0.004282279016530091 0.0 0.004728222963552756 -0.9996195394489864 -0.02717388929475078 0.0 -0.09339895777716069 1.2320473993826622 -3.091222031216849 1.0
AVP5-CAMERA-FRONT_D: -0.3201545 0.1133811 -0.0263848 0.0014898
AVP5-CAMERA-FRONT_K: 2439.9014 0.0 1937.61133 0.0 2439.9014 1353.51111 0.0 0.0 1.0
AVP5-CAMERA-FRONT_image_width: 3856.0
AVP5-CAMERA-FRONT_image_height: 2176.0
AVP5-CAMERA-FRONT_image_scale: 1
