calib_AVP5-CAMERA-FRONT_to_velodyne64: -0.0042119938888156745 -0.027131590820501584 0.9996229968778374 0.0 -0.9999803714304452 -0.004522574948026654 -0.004336250646377774 0.0 0.004638519301383732 -0.999621639969538 -0.027112009208141215 0.0 -0.11067896854793695 1.2170204410121572 -3.09650031854114 1.0
AVP5-CAMERA-FRONT_D: -0.3201545 0.1133811 -0.0263848 0.0014898
AVP5-CAMERA-FRONT_K: 2439.9014 0.0 1937.61133 0.0 2439.9014 1353.51111 0.0 0.0 1.0
AVP5-CAMERA-FRONT_image_width: 3856.0
AVP5-CAMERA-FRONT_image_height: 2176.0
AVP5-CAMERA-FRONT_image_scale: 1
