calib_AVP5-CAMERA-FRONT_to_velodyne64: 0.02621042959736043 -0.015051302728065558 0.9995431314688273 0.0 -0.9992342518078515 -0.029451519251212508 0.025758843681306716 0.0 0.029050359624699186 -0.9994528834817497 -0.015811714192081265 0.0 -1.273361919930543 2.809698876305044 -71.83564419665291 1.0
AVP5-CAMERA-FRONT_D: -0.3201545 0.1133811 -0.0263848 0.0014898
AVP5-CAMERA-FRONT_K: 2439.9014 0.0 1937.61133 0.0 2439.9014 1353.51111 0.0 0.0 1.0
AVP5-CAMERA-FRONT_image_width: 3856.0
AVP5-CAMERA-FRONT_image_height: 2176.0
AVP5-CAMERA-FRONT_image_scale: 1
