calib_AVP5-CAMERA-FRONT_to_velodyne64: -0.003376334669555286 -0.02694295615523325 0.9996312707582813 0.0 -0.9999842600406477 -0.0043885059421381375 -0.003495809856688522 0.0 0.004481075223365645 -0.9996273396267297 -0.026927715009438524 0.0 -0.1460463591975975 1.1873682863700432 -3.1003713663864225 1.0
AVP5-CAMERA-FRONT_D: -0.3201545 0.1133811 -0.0263848 0.0014898
AVP5-CAMERA-FRONT_K: 2439.9014 0.0 1937.61133 0.0 2439.9014 1353.51111 0.0 0.0 1.0
AVP5-CAMERA-FRONT_image_width: 3856.0
AVP5-CAMERA-FRONT_image_height: 2176.0
AVP5-CAMERA-FRONT_image_scale: 1
