calib_AVP5-CAMERA-FRONT_to_velodyne64: -0.004012264692042022 -0.02799001544584797 0.9996001504438571 0.0 -0.9999815760649694 -0.004441084698470438 -0.004138151437660154 0.0 0.0045551358553823675 -0.9995983372345326 -0.027971680952291827 0.0 -0.061205075883117355 1.2514560573166997 -3.069277825323609 1.0
AVP5-CAMERA-FRONT_D: -0.3201545 0.1133811 -0.0263848 0.0014898
AVP5-CAMERA-FRONT_K: 2439.9014 0.0 1937.61133 0.0 2439.9014 1353.51111 0.0 0.0 1.0
AVP5-CAMERA-FRONT_image_width: 3856.0
AVP5-CAMERA-FRONT_image_height: 2176.0
AVP5-CAMERA-FRONT_image_scale: 1
