calib_AVP5-CAMERA-FRONT_to_velodyne64: -0.0013987247110714628 -0.01796623464698313 0.9998376158065827 0.0 -0.9999953882578109 0.002720440642251645 -0.0013500614142256692 0.0 -0.0026957433655363594 -0.9998348931775296 -0.01796995693889214 0.0 -0.1530670027412082 1.4304196388760566 -13.754382038799664 1.0
AVP5-CAMERA-FRONT_D: -0.3201545 0.1133811 -0.0263848 0.0014898
AVP5-CAMERA-FRONT_K: 2439.9014 0.0 1937.61133 0.0 2439.9014 1353.51111 0.0 0.0 1.0
AVP5-CAMERA-FRONT_image_width: 3856.0
AVP5-CAMERA-FRONT_image_height: 2176.0
AVP5-CAMERA-FRONT_image_scale: 1
