calib_AVP5-CAMERA-FRONT_to_velodyne64: 0.004357314851898319 -0.02183565476797097 0.9997520782614734 0.0 -0.9997886949510041 -0.020179809390123295 0.0039167258196183535 0.0 0.020089282103878215 -0.9995578920071775 -0.021918970567034412 0.0 -0.18569667460571276 1.8760869276582688 -27.222079032372147 1.0
AVP5-CAMERA-FRONT_D: -0.3201545 0.1133811 -0.0263848 0.0014898
AVP5-CAMERA-FRONT_K: 2439.9014 0.0 1937.61133 0.0 2439.9014 1353.51111 0.0 0.0 1.0
AVP5-CAMERA-FRONT_image_width: 3856.0
AVP5-CAMERA-FRONT_image_height: 2176.0
AVP5-CAMERA-FRONT_image_scale: 1
