calib_AVP5-CAMERA-FRONT_to_velodyne64: -0.0036105067835634557 -0.026956879711692742 0.9996300770169807 0.0 -0.9999836902471644 -0.00432641559545352 -0.003728453802632393 0.0 0.004425322635558874 -0.9996272349052446 -0.026940819498791516 0.0 -0.1463682723696968 1.1870406350952574 -3.0986856853273275 1.0
AVP5-CAMERA-FRONT_D: -0.3201545 0.1133811 -0.0263848 0.0014898
AVP5-CAMERA-FRONT_K: 2439.9014 0.0 1937.61133 0.0 2439.9014 1353.51111 0.0 0.0 1.0
AVP5-CAMERA-FRONT_image_width: 3856.0
AVP5-CAMERA-FRONT_image_height: 2176.0
AVP5-CAMERA-FRONT_image_scale: 1
