calib_AVP5-CAMERA-FRONT_to_velodyne64: 0.005234466020433211 -0.015516399747891428 0.9998659118623577 0.0 -0.9998017383480753 -0.019290724912579375 0.004934767321142621 0.0 0.01921156843278444 -0.9996935076668303 -0.015614300084909888 0.0 -0.1998971367144442 1.784852655197804 -30.602714439289244 1.0
AVP5-CAMERA-FRONT_D: -0.3201545 0.1133811 -0.0263848 0.0014898
AVP5-CAMERA-FRONT_K: 2439.9014 0.0 1937.61133 0.0 2439.9014 1353.51111 0.0 0.0 1.0
AVP5-CAMERA-FRONT_image_width: 3856.0
AVP5-CAMERA-FRONT_image_height: 2176.0
AVP5-CAMERA-FRONT_image_scale: 1
