calib_AVP5-CAMERA-FRONT_to_velodyne64: -0.003662849483105965 -0.02696374688733502 0.9996297013831966 0.0 -0.9999835172732064 -0.004321051163668769 -0.003780700827510049 0.0 0.004421392944569486 -0.9996270728980063 -0.026947475091240417 0.0 -0.1441308870178457 1.187677646881046 -3.098689521266255 1.0
AVP5-CAMERA-FRONT_D: -0.3201545 0.1133811 -0.0263848 0.0014898
AVP5-CAMERA-FRONT_K: 2439.9014 0.0 1937.61133 0.0 2439.9014 1353.51111 0.0 0.0 1.0
AVP5-CAMERA-FRONT_image_width: 3856.0
AVP5-CAMERA-FRONT_image_height: 2176.0
AVP5-CAMERA-FRONT_image_scale: 1
