calib_AVP5-CAMERA-FRONT_to_velodyne64: -0.0035958417177290175 -0.026960830770994405 0.9996300233218679 0.0 -0.9999837188487202 -0.00433226817173032 -0.003713958800458369 0.0 0.004430796748253011 -0.9996271030022275 -0.02694481366700568 0.0 -0.14666627689554163 1.1870785741567564 -3.0990296421962853 1.0
AVP5-CAMERA-FRONT_D: -0.3201545 0.1133811 -0.0263848 0.0014898
AVP5-CAMERA-FRONT_K: 2439.9014 0.0 1937.61133 0.0 2439.9014 1353.51111 0.0 0.0 1.0
AVP5-CAMERA-FRONT_image_width: 3856.0
AVP5-CAMERA-FRONT_image_height: 2176.0
AVP5-CAMERA-FRONT_image_scale: 1
