calib_AVP5-CAMERA-FRONT_to_velodyne64: 0.0027201638093345376 -0.014810717273591449 0.9998866152532955 0.0 -0.999885694566389 -0.014911450837850835 0.0024992869783532967 0.0 0.014872743873952671 -0.9997791212501651 -0.014849585917045181 0.0 -0.16466547308834167 1.600824584243326 -23.032428817250757 1.0
AVP5-CAMERA-FRONT_D: -0.3201545 0.1133811 -0.0263848 0.0014898
AVP5-CAMERA-FRONT_K: 2439.9014 0.0 1937.61133 0.0 2439.9014 1353.51111 0.0 0.0 1.0
AVP5-CAMERA-FRONT_image_width: 3856.0
AVP5-CAMERA-FRONT_image_height: 2176.0
AVP5-CAMERA-FRONT_image_scale: 1
