calib_AVP5-CAMERA-FRONT_to_velodyne64: -0.0033414071399224254 -0.02689725807702378 0.999632618768647 0.0 -0.9999842547434354 -0.004416874614041761 -0.003461428008681563 0.0 0.004508354859671909 -0.9996284453368571 -0.02688207599642296 0.0 -0.1457358358537803 1.1871984707794363 -3.100473654801811 1.0
AVP5-CAMERA-FRONT_D: -0.3201545 0.1133811 -0.0263848 0.0014898
AVP5-CAMERA-FRONT_K: 2439.9014 0.0 1937.61133 0.0 2439.9014 1353.51111 0.0 0.0 1.0
AVP5-CAMERA-FRONT_image_width: 3856.0
AVP5-CAMERA-FRONT_image_height: 2176.0
AVP5-CAMERA-FRONT_image_scale: 1
