calib_AVP5-CAMERA-FRONT_to_velodyne64: -0.0035809499070461022 -0.02694977716182392 0.9996303748429671 0.0 -0.9999838059182884 -0.004325116375488014 -0.003698820016298457 0.0 0.004423200078869517 -0.9996274320361894 -0.026933852709847664 0.0 -0.1466258520442466 1.1863830389592411 -3.09956275019528 1.0
AVP5-CAMERA-FRONT_D: -0.3201545 0.1133811 -0.0263848 0.0014898
AVP5-CAMERA-FRONT_K: 2439.9014 0.0 1937.61133 0.0 2439.9014 1353.51111 0.0 0.0 1.0
AVP5-CAMERA-FRONT_image_width: 3856.0
AVP5-CAMERA-FRONT_image_height: 2176.0
AVP5-CAMERA-FRONT_image_scale: 1
