calib_AVP5-CAMERA-FRONT_to_velodyne64: -0.0033835333653906836 -0.02693903438405673 0.9996313521135775 0.0 -0.9999842378244553 -0.004387853935841872 -0.003502975946272499 0.0 0.0044806031522256935 -0.9996274481847186 -0.026923763316073376 0.0 -0.14582828728324998 1.1864379289621425 -3.1008771715819825 1.0
AVP5-CAMERA-FRONT_D: -0.3201545 0.1133811 -0.0263848 0.0014898
AVP5-CAMERA-FRONT_K: 2439.9014 0.0 1937.61133 0.0 2439.9014 1353.51111 0.0 0.0 1.0
AVP5-CAMERA-FRONT_image_width: 3856.0
AVP5-CAMERA-FRONT_image_height: 2176.0
AVP5-CAMERA-FRONT_image_scale: 1
