calib_AVP5-CAMERA-FRONT_to_velodyne64: -0.003582743278527054 -0.02695065569828678 0.9996303447315072 0.0 -0.9999836779339185 -0.004352452279974257 -0.0037013544687752964 0.0 0.00445059730296342 -0.9996272897018083 -0.026934622088752323 0.0 -0.14664208646627952 1.1868422892566997 -3.0992194900303702 1.0
AVP5-CAMERA-FRONT_D: -0.3201545 0.1133811 -0.0263848 0.0014898
AVP5-CAMERA-FRONT_K: 2439.9014 0.0 1937.61133 0.0 2439.9014 1353.51111 0.0 0.0 1.0
AVP5-CAMERA-FRONT_image_width: 3856.0
AVP5-CAMERA-FRONT_image_height: 2176.0
AVP5-CAMERA-FRONT_image_scale: 1
