calib_AVP5-CAMERA-FRONT_to_velodyne64: -0.004236251379357189 -0.027153772043873627 0.9996222920873863 0.0 -0.9999803893487709 -0.004495803606732227 -0.004359893096120692 0.0 0.004612493049404169 -0.9996211584463982 -0.02713419418649017 0.0 -0.11509453629324677 1.2085453915128623 -3.097001923861516 1.0
AVP5-CAMERA-FRONT_D: -0.3201545 0.1133811 -0.0263848 0.0014898
AVP5-CAMERA-FRONT_K: 2439.9014 0.0 1937.61133 0.0 2439.9014 1353.51111 0.0 0.0 1.0
AVP5-CAMERA-FRONT_image_width: 3856.0
AVP5-CAMERA-FRONT_image_height: 2176.0
AVP5-CAMERA-FRONT_image_scale: 1
