calib_AVP5-CAMERA-FRONT_to_velodyne64: -0.0016697120396859165 -0.016854827267798012 0.9998565531412377 0.0 -0.9999958819726669 0.002361930764653458 -0.0016301290656032406 0.0 -0.0023341164092796516 -0.9998551575507504 -0.016858701603393266 0.0 -0.15106604839002546 1.4078308332014233 -13.379701746576464 1.0
AVP5-CAMERA-FRONT_D: -0.3201545 0.1133811 -0.0263848 0.0014898
AVP5-CAMERA-FRONT_K: 2439.9014 0.0 1937.61133 0.0 2439.9014 1353.51111 0.0 0.0 1.0
AVP5-CAMERA-FRONT_image_width: 3856.0
AVP5-CAMERA-FRONT_image_height: 2176.0
AVP5-CAMERA-FRONT_image_scale: 1
