calib_AVP5-CAMERA-FRONT_to_velodyne64: 0.00625819060667667 -0.016466653191579354 0.9998448301526585 0.0 -0.9998697060098398 -0.014981035433108785 0.0060116205093602515 0.0 0.014879719558080628 -0.9997521782471995 -0.016558261860856197 0.0 -0.2191344884673439 1.9275638543147675 -34.7893618332526 1.0
AVP5-CAMERA-FRONT_D: -0.3201545 0.1133811 -0.0263848 0.0014898
AVP5-CAMERA-FRONT_K: 2439.9014 0.0 1937.61133 0.0 2439.9014 1353.51111 0.0 0.0 1.0
AVP5-CAMERA-FRONT_image_width: 3856.0
AVP5-CAMERA-FRONT_image_height: 2176.0
AVP5-CAMERA-FRONT_image_scale: 1
