calib_AVP5-CAMERA-FRONT_to_velodyne64: -0.0065964223418158 -0.01649387315774465 0.999842207230993 0.0 -0.9999606586374086 -0.00582081548553854 -0.0066932267646505755 0.0 0.005930294236217407 -0.9998470234267537 -0.01645482770898381 0.0 -0.11644859548554964 1.2763761978212342 -7.976368292404595 1.0
AVP5-CAMERA-FRONT_D: -0.3201545 0.1133811 -0.0263848 0.0014898
AVP5-CAMERA-FRONT_K: 2439.9014 0.0 1937.61133 0.0 2439.9014 1353.51111 0.0 0.0 1.0
AVP5-CAMERA-FRONT_image_width: 3856.0
AVP5-CAMERA-FRONT_image_height: 2176.0
AVP5-CAMERA-FRONT_image_scale: 1
