calib_AVP5-CAMERA-FRONT_to_velodyne64: -0.004877485063193667 -0.02357701631152083 0.9997101252069542 0.0 -0.9999850312011623 -0.002363760578286517 -0.004934572883105008 0.0 0.002479417889033472 -0.9997192290527249 -0.02356513418499289 0.0 -0.12072490608843707 1.411944403169706 -10.620353736914966 1.0
AVP5-CAMERA-FRONT_D: -0.3201545 0.1133811 -0.0263848 0.0014898
AVP5-CAMERA-FRONT_K: 2439.9014 0.0 1937.61133 0.0 2439.9014 1353.51111 0.0 0.0 1.0
AVP5-CAMERA-FRONT_image_width: 3856.0
AVP5-CAMERA-FRONT_image_height: 2176.0
AVP5-CAMERA-FRONT_image_scale: 1
