calib_AVP5-CAMERA-FRONT_to_velodyne64: 0.006328734630617974 -0.015435155740003145 0.9998608418601344 0.0 -0.9998764785450768 -0.014482868753674974 0.006105257157562992 0.0 0.014386617749539584 -0.9997759761466293 -0.015524907400141232 0.0 -0.21113654779504493 1.9736043791089837 -37.935265871951245 1.0
AVP5-CAMERA-FRONT_D: -0.3201545 0.1133811 -0.0263848 0.0014898
AVP5-CAMERA-FRONT_K: 2439.9014 0.0 1937.61133 0.0 2439.9014 1353.51111 0.0 0.0 1.0
AVP5-CAMERA-FRONT_image_width: 3856.0
AVP5-CAMERA-FRONT_image_height: 2176.0
AVP5-CAMERA-FRONT_image_scale: 1
