calib_AVP5-CAMERA-FRONT_to_velodyne64: -0.002746350769201022 -0.014287237602180003 0.999894160598586 0.0 -0.9999793719869241 0.0058449698129269196 -0.002663067502417005 0.0 -0.005806303306662919 -0.9998808484862508 -0.014302995222197601 0.0 -0.14221897360894953 1.3605449541110197 -12.650272987004476 1.0
AVP5-CAMERA-FRONT_D: -0.3201545 0.1133811 -0.0263848 0.0014898
AVP5-CAMERA-FRONT_K: 2439.9014 0.0 1937.61133 0.0 2439.9014 1353.51111 0.0 0.0 1.0
AVP5-CAMERA-FRONT_image_width: 3856.0
AVP5-CAMERA-FRONT_image_height: 2176.0
AVP5-CAMERA-FRONT_image_scale: 1
