calib_AVP5-CAMERA-FRONT_to_velodyne64: 0.004800798823256767 -0.02036500264282245 0.9997810855372369 0.0 -0.9997630974665866 -0.021323315281258606 0.004366367990899479 0.0 0.02122972620347532 -0.9995651969195275 -0.020462547069013584 0.0 -0.1941418318129844 1.8805752216600933 -28.886048784554205 1.0
AVP5-CAMERA-FRONT_D: -0.3201545 0.1133811 -0.0263848 0.0014898
AVP5-CAMERA-FRONT_K: 2439.9014 0.0 1937.61133 0.0 2439.9014 1353.51111 0.0 0.0 1.0
AVP5-CAMERA-FRONT_image_width: 3856.0
AVP5-CAMERA-FRONT_image_height: 2176.0
AVP5-CAMERA-FRONT_image_scale: 1
