calib_AVP5-CAMERA-FRONT_to_velodyne64: -0.004177744591161818 -0.027173065518020203 0.9996220140435503 0.0 -0.9999803694712359 -0.004554604136905033 -0.004303051629533096 0.0 0.004669809664360862 -0.9996203679855217 -0.02715350412357809 0.0 -0.10140846113390438 1.2266624222677234 -3.0938523841235277 1.0
AVP5-CAMERA-FRONT_D: -0.3201545 0.1133811 -0.0263848 0.0014898
AVP5-CAMERA-FRONT_K: 2439.9014 0.0 1937.61133 0.0 2439.9014 1353.51111 0.0 0.0 1.0
AVP5-CAMERA-FRONT_image_width: 3856.0
AVP5-CAMERA-FRONT_image_height: 2176.0
AVP5-CAMERA-FRONT_image_scale: 1
