calib_AVP5-CAMERA-FRONT_to_velodyne64: 0.006011858113713038 -0.013695763952096499 0.9998881355490667 0.0 -0.9998388581588536 -0.016995988253602587 0.005778762746695635 0.0 0.016914942436194656 -0.9997617528356703 -0.013795734461360334 0.0 -0.21813762780110996 1.7721098703471172 -32.36851425176455 1.0
AVP5-CAMERA-FRONT_D: -0.3201545 0.1133811 -0.0263848 0.0014898
AVP5-CAMERA-FRONT_K: 2439.9014 0.0 1937.61133 0.0 2439.9014 1353.51111 0.0 0.0 1.0
AVP5-CAMERA-FRONT_image_width: 3856.0
AVP5-CAMERA-FRONT_image_height: 2176.0
AVP5-CAMERA-FRONT_image_scale: 1
