calib_AVP5-CAMERA-FRONT_to_velodyne64: -0.00396492258390019 -0.017520574337016575 0.9998386414136055 0.0 -0.9999808920846304 -0.004672715840174591 -0.00404736856539891 0.0 0.004742874079171414 -0.9998355840844925 -0.01750171259880204 0.0 -0.13728918625991232 1.19320425851542 -4.200807285143107 1.0
AVP5-CAMERA-FRONT_D: -0.3201545 0.1133811 -0.0263848 0.0014898
AVP5-CAMERA-FRONT_K: 2439.9014 0.0 1937.61133 0.0 2439.9014 1353.51111 0.0 0.0 1.0
AVP5-CAMERA-FRONT_image_width: 3856.0
AVP5-CAMERA-FRONT_image_height: 2176.0
AVP5-CAMERA-FRONT_image_scale: 1
