calib_AVP5-CAMERA-FRONT_to_velodyne64: -0.004240410858112989 -0.027172551048931206 0.9996217641614489 0.0 -0.9999805927473754 -0.004447456025716044 -0.004362827466990346 0.0 0.004564322990521252 -0.9996208644303061 -0.027153164663546097 0.0 -0.11791111001065319 1.203187799553593 -3.0980259714785543 1.0
AVP5-CAMERA-FRONT_D: -0.3201545 0.1133811 -0.0263848 0.0014898
AVP5-CAMERA-FRONT_K: 2439.9014 0.0 1937.61133 0.0 2439.9014 1353.51111 0.0 0.0 1.0
AVP5-CAMERA-FRONT_image_width: 3856.0
AVP5-CAMERA-FRONT_image_height: 2176.0
AVP5-CAMERA-FRONT_image_scale: 1
