calib_AVP5-CAMERA-FRONT_to_velodyne64: 0.007954186803084939 -0.014187917165842018 0.9998677082088394 0.0 -0.9995607768236433 -0.028658771046470743 0.0075450830227572945 0.0 0.0285479307133803 -0.9994885581379114 -0.014409642722249002 0.0 -0.2264205241590112 2.2871633733399532 -52.54085666131557 1.0
AVP5-CAMERA-FRONT_D: -0.3201545 0.1133811 -0.0263848 0.0014898
AVP5-CAMERA-FRONT_K: 2439.9014 0.0 1937.61133 0.0 2439.9014 1353.51111 0.0 0.0 1.0
AVP5-CAMERA-FRONT_image_width: 3856.0
AVP5-CAMERA-FRONT_image_height: 2176.0
AVP5-CAMERA-FRONT_image_scale: 1
