calib_AVP5-CAMERA-FRONT_to_velodyne64: 0.006316103710965673 -0.015374691770323523 0.9998618533011846 0.0 -0.999886388123296 -0.013782161118499182 0.006104332940887968 0.0 0.013686404921008574 -0.9997868127195274 -0.015459994581723412 0.0 -0.20794966605797838 1.98791472366084 -38.58132194798832 1.0
AVP5-CAMERA-FRONT_D: -0.3201545 0.1133811 -0.0263848 0.0014898
AVP5-CAMERA-FRONT_K: 2439.9014 0.0 1937.61133 0.0 2439.9014 1353.51111 0.0 0.0 1.0
AVP5-CAMERA-FRONT_image_width: 3856.0
AVP5-CAMERA-FRONT_image_height: 2176.0
AVP5-CAMERA-FRONT_image_scale: 1
