calib_AVP5-CAMERA-FRONT_to_velodyne64: -0.004169632658905178 -0.02717224690591475 0.9996220701653068 0.0 -0.9999805003269245 -0.004534018055715434 -0.004294373782491024 0.0 0.004648992299745315 -0.9996204838229129 -0.027152811866222166 0.0 -0.0977181067059346 1.229885733078777 -3.092815289876378 1.0
AVP5-CAMERA-FRONT_D: -0.3201545 0.1133811 -0.0263848 0.0014898
AVP5-CAMERA-FRONT_K: 2439.9014 0.0 1937.61133 0.0 2439.9014 1353.51111 0.0 0.0 1.0
AVP5-CAMERA-FRONT_image_width: 3856.0
AVP5-CAMERA-FRONT_image_height: 2176.0
AVP5-CAMERA-FRONT_image_scale: 1
