calib_AVP5-CAMERA-FRONT_to_velodyne64: -0.003740916243728091 -0.017903204830507734 0.9998327264110002 0.0 -0.9999910350446666 0.0020504488521895163 -0.0037047928147764973 0.0 -0.001983778201633373 -0.9998376222748879 -0.017910714886494185 0.0 -0.13249927686226404 1.3695975420778643 -11.271140360370957 1.0
AVP5-CAMERA-FRONT_D: -0.3201545 0.1133811 -0.0263848 0.0014898
AVP5-CAMERA-FRONT_K: 2439.9014 0.0 1937.61133 0.0 2439.9014 1353.51111 0.0 0.0 1.0
AVP5-CAMERA-FRONT_image_width: 3856.0
AVP5-CAMERA-FRONT_image_height: 2176.0
AVP5-CAMERA-FRONT_image_scale: 1
