calib_AVP5-CAMERA-FRONT_to_velodyne64: -0.004050364468177443 -0.028021661986501335 0.9995991101472572 0.0 -0.9999811620452811 -0.004496681186962499 -0.004177967552674111 0.0 0.004611952107655273 -0.9995972020358085 -0.028002920917997286 0.0 -0.06903097125305625 1.247849130644667 -3.087081662004472 1.0
AVP5-CAMERA-FRONT_D: -0.3201545 0.1133811 -0.0263848 0.0014898
AVP5-CAMERA-FRONT_K: 2439.9014 0.0 1937.61133 0.0 2439.9014 1353.51111 0.0 0.0 1.0
AVP5-CAMERA-FRONT_image_width: 3856.0
AVP5-CAMERA-FRONT_image_height: 2176.0
AVP5-CAMERA-FRONT_image_scale: 1
