calib_AVP5-CAMERA-FRONT_to_velodyne64: -0.00419691938242088 -0.02715650334318493 0.9996223837999371 0.0 -0.9999809738719697 -0.004405213255635 -0.004318100304427957 0.0 0.0045208142810983865 -0.9996214875753443 -0.027137498335179183 0.0 -0.12365017886215933 1.1984105762369297 -3.0986273481528226 1.0
AVP5-CAMERA-FRONT_D: -0.3201545 0.1133811 -0.0263848 0.0014898
AVP5-CAMERA-FRONT_K: 2439.9014 0.0 1937.61133 0.0 2439.9014 1353.51111 0.0 0.0 1.0
AVP5-CAMERA-FRONT_image_width: 3856.0
AVP5-CAMERA-FRONT_image_height: 2176.0
AVP5-CAMERA-FRONT_image_scale: 1
