calib_AVP5-CAMERA-FRONT_to_velodyne64: 0.0064398937069308475 -0.015355260400292479 0.99986136226333 0.0 -0.9999011352003088 -0.012597569726102511 0.006246684090718325 0.0 0.012499903766696841 -0.9998027391515965 -0.015434869315550543 0.0 -0.2092047823874974 2.0230130036979426 -39.885583428498634 1.0
AVP5-CAMERA-FRONT_D: -0.3201545 0.1133811 -0.0263848 0.0014898
AVP5-CAMERA-FRONT_K: 2439.9014 0.0 1937.61133 0.0 2439.9014 1353.51111 0.0 0.0 1.0
AVP5-CAMERA-FRONT_image_width: 3856.0
AVP5-CAMERA-FRONT_image_height: 2176.0
AVP5-CAMERA-FRONT_image_scale: 1
