calib_AVP5-CAMERA-FRONT_to_velodyne64: -0.0038010109453408335 -0.027752231668281786 0.9996076059900821 0.0 -0.9999792347790358 -0.005096615510130069 -0.003943922042254955 0.0 0.0052040682669313824 -0.9996018398081168 -0.02773228309572073 0.0 -0.035714994088547 1.2646535547703959 -2.7984232630267054 1.0
AVP5-CAMERA-FRONT_D: -0.3201545 0.1133811 -0.0263848 0.0014898
AVP5-CAMERA-FRONT_K: 2439.9014 0.0 1937.61133 0.0 2439.9014 1353.51111 0.0 0.0 1.0
AVP5-CAMERA-FRONT_image_width: 3856.0
AVP5-CAMERA-FRONT_image_height: 2176.0
AVP5-CAMERA-FRONT_image_scale: 1
