calib_AVP5-CAMERA-FRONT_to_velodyne64: -0.0034347544911177185 -0.02692865492281479 0.9996314570908785 0.0 -0.9999841126837136 -0.004375458585306186 -0.0035538348771037105 0.0 0.004469546034128648 -0.9996277821800553 -0.026913198472730274 0.0 -0.14594038015241606 1.1863613069923056 -3.100750194222396 1.0
AVP5-CAMERA-FRONT_D: -0.3201545 0.1133811 -0.0263848 0.0014898
AVP5-CAMERA-FRONT_K: 2439.9014 0.0 1937.61133 0.0 2439.9014 1353.51111 0.0 0.0 1.0
AVP5-CAMERA-FRONT_image_width: 3856.0
AVP5-CAMERA-FRONT_image_height: 2176.0
AVP5-CAMERA-FRONT_image_scale: 1
