calib_AVP5-CAMERA-FRONT_to_velodyne64: 0.024444177482574866 -0.013403113125811546 0.9996113438460653 0.0 -0.9994340553686399 -0.023442014881822303 0.024125523987567194 0.0 0.02310954687125305 -0.9996353477627813 -0.013968548478214887 0.0 -1.1639734634679948 2.6192941266375764 -69.28112734869741 1.0
AVP5-CAMERA-FRONT_D: -0.3201545 0.1133811 -0.0263848 0.0014898
AVP5-CAMERA-FRONT_K: 2439.9014 0.0 1937.61133 0.0 2439.9014 1353.51111 0.0 0.0 1.0
AVP5-CAMERA-FRONT_image_width: 3856.0
AVP5-CAMERA-FRONT_image_height: 2176.0
AVP5-CAMERA-FRONT_image_scale: 1
