calib_AVP5-CAMERA-FRONT_to_velodyne64: -0.005393192309594037 -0.01604885326758896 0.9998566636200944 0.0 -0.999972698590976 -0.004964160021147552 -0.005473498695109485 0.0 0.005051291853839041 -0.9998588857554249 -0.016021642441631873 0.0 -0.12793547224480697 1.2386426503449075 -6.474142983476173 1.0
AVP5-CAMERA-FRONT_D: -0.3201545 0.1133811 -0.0263848 0.0014898
AVP5-CAMERA-FRONT_K: 2439.9014 0.0 1937.61133 0.0 2439.9014 1353.51111 0.0 0.0 1.0
AVP5-CAMERA-FRONT_image_width: 3856.0
AVP5-CAMERA-FRONT_image_height: 2176.0
AVP5-CAMERA-FRONT_image_scale: 1
