calib_AVP5-CAMERA-FRONT_to_velodyne64: 0.0011677923891669755 -0.020427105832030577 0.9997906628931189 0.0 -0.9999891233558899 0.004490672250885013 0.0012597748424513593 0.0 -0.004515465740579308 -0.9997812596813676 -0.020421639480793403 0.0 -0.18608524352880124 1.4974820175353765 -14.916474589320194 1.0
AVP5-CAMERA-FRONT_D: -0.3201545 0.1133811 -0.0263848 0.0014898
AVP5-CAMERA-FRONT_K: 2439.9014 0.0 1937.61133 0.0 2439.9014 1353.51111 0.0 0.0 1.0
AVP5-CAMERA-FRONT_image_width: 3856.0
AVP5-CAMERA-FRONT_image_height: 2176.0
AVP5-CAMERA-FRONT_image_scale: 1
