calib_AVP5-CAMERA-FRONT_to_velodyne64: -0.003952300959344844 -0.027972596458675735 0.9996008769326317 0.0 -0.9999811872532637 -0.0045785360565524 -0.004081929339348044 0.0 0.004690890819379906 -0.999598204707741 -0.02795397446485428 0.0 -0.05260216340390913 1.258785337586636 -3.0109963479645763 1.0
AVP5-CAMERA-FRONT_D: -0.3201545 0.1133811 -0.0263848 0.0014898
AVP5-CAMERA-FRONT_K: 2439.9014 0.0 1937.61133 0.0 2439.9014 1353.51111 0.0 0.0 1.0
AVP5-CAMERA-FRONT_image_width: 3856.0
AVP5-CAMERA-FRONT_image_height: 2176.0
AVP5-CAMERA-FRONT_image_scale: 1
