calib_AVP5-CAMERA-FRONT_to_velodyne64: -0.003831376418497931 -0.027914067605478265 0.999602983881329 0.0 -0.9999806205011825 -0.0047982288091618815 -0.003966815141259563 0.0 0.004907053781015167 -0.999598810438474 -0.027895142824128118 0.0 -0.04231419789904933 1.2615176454711918 -2.9106035825884358 1.0
AVP5-CAMERA-FRONT_D: -0.3201545 0.1133811 -0.0263848 0.0014898
AVP5-CAMERA-FRONT_K: 2439.9014 0.0 1937.61133 0.0 2439.9014 1353.51111 0.0 0.0 1.0
AVP5-CAMERA-FRONT_image_width: 3856.0
AVP5-CAMERA-FRONT_image_height: 2176.0
AVP5-CAMERA-FRONT_image_scale: 1
