calib_AVP5-CAMERA-FRONT_to_velodyne64: 0.0056987463681100695 -0.014215387032822874 0.9998827166529775 0.0 -0.999806729895994 -0.018895010165330135 0.005429681899583923 0.0 0.018815609065628264 -0.9997204115963418 -0.014320317494047618 0.0 -0.21211208194875947 1.7597487794001405 -31.18568845820171 1.0
AVP5-CAMERA-FRONT_D: -0.3201545 0.1133811 -0.0263848 0.0014898
AVP5-CAMERA-FRONT_K: 2439.9014 0.0 1937.61133 0.0 2439.9014 1353.51111 0.0 0.0 1.0
AVP5-CAMERA-FRONT_image_width: 3856.0
AVP5-CAMERA-FRONT_image_height: 2176.0
AVP5-CAMERA-FRONT_image_scale: 1
