calib_AVP5-CAMERA-FRONT_to_velodyne64: -0.003419151833054494 -0.02694449986882393 0.9996310836141307 0.0 -0.9999842046131052 -0.004367212665636793 -0.0035380754413296004 0.0 0.004460933202588699 -0.9996273912715438 -0.026929142106832744 0.0 -0.14594551352624324 1.1873820789027445 -3.10037141505462 1.0
AVP5-CAMERA-FRONT_D: -0.3201545 0.1133811 -0.0263848 0.0014898
AVP5-CAMERA-FRONT_K: 2439.9014 0.0 1937.61133 0.0 2439.9014 1353.51111 0.0 0.0 1.0
AVP5-CAMERA-FRONT_image_width: 3856.0
AVP5-CAMERA-FRONT_image_height: 2176.0
AVP5-CAMERA-FRONT_image_scale: 1
