calib_AVP5-CAMERA-FRONT_to_velodyne64: -0.0038687555993634523 -0.027024921582779124 0.9996272737093345 0.0 -0.9999827951663243 -0.004303189760396599 -0.003986468265426834 0.0 0.0044093198407046145 -0.9996254979597765 -0.027007808634017517 0.0 -0.1413849644988616 1.1890434882826508 -3.099575052346691 1.0
AVP5-CAMERA-FRONT_D: -0.3201545 0.1133811 -0.0263848 0.0014898
AVP5-CAMERA-FRONT_K: 2439.9014 0.0 1937.61133 0.0 2439.9014 1353.51111 0.0 0.0 1.0
AVP5-CAMERA-FRONT_image_width: 3856.0
AVP5-CAMERA-FRONT_image_height: 2176.0
AVP5-CAMERA-FRONT_image_scale: 1
