calib_AVP5-CAMERA-FRONT_to_velodyne64: 0.006599651684869347 -0.01631520003260874 0.9998451174284616 0.0 -0.9998944007060329 -0.013053505542954822 0.006386973443122101 0.0 0.01294727903312128 -0.9997816862900302 -0.016399625748854365 0.0 -0.2055872794897715 2.13290889892846 -42.55615899825595 1.0
AVP5-CAMERA-FRONT_D: -0.3201545 0.1133811 -0.0263848 0.0014898
AVP5-CAMERA-FRONT_K: 2439.9014 0.0 1937.61133 0.0 2439.9014 1353.51111 0.0 0.0 1.0
AVP5-CAMERA-FRONT_image_width: 3856.0
AVP5-CAMERA-FRONT_image_height: 2176.0
AVP5-CAMERA-FRONT_image_scale: 1
