calib_AVP5-CAMERA-FRONT_to_velodyne64: -0.004181535423888875 -0.027164700913505285 0.9996222255361165 0.0 -0.9999806219454276 -0.004496743077150778 -0.00430523348191347 0.0 0.004611994702344614 -0.9996208572883912 -0.027145371223979288 0.0 -0.10680366388888857 1.2248035672068838 -3.0947426215759246 1.0
AVP5-CAMERA-FRONT_D: -0.3201545 0.1133811 -0.0263848 0.0014898
AVP5-CAMERA-FRONT_K: 2439.9014 0.0 1937.61133 0.0 2439.9014 1353.51111 0.0 0.0 1.0
AVP5-CAMERA-FRONT_image_width: 3856.0
AVP5-CAMERA-FRONT_image_height: 2176.0
AVP5-CAMERA-FRONT_image_scale: 1
