calib_AVP5-CAMERA-FRONT_to_velodyne64: 0.007300460173420965 -0.014204369202248978 0.999872461455371 0.0 -0.999643440680917 -0.025786284243579417 0.006932463380852853 0.0 0.02568452422907293 -0.9995665577841608 -0.014387556243178978 0.0 -0.20355613559866398 2.2297867243778664 -50.32091133991249 1.0
AVP5-CAMERA-FRONT_D: -0.3201545 0.1133811 -0.0263848 0.0014898
AVP5-CAMERA-FRONT_K: 2439.9014 0.0 1937.61133 0.0 2439.9014 1353.51111 0.0 0.0 1.0
AVP5-CAMERA-FRONT_image_width: 3856.0
AVP5-CAMERA-FRONT_image_height: 2176.0
AVP5-CAMERA-FRONT_image_scale: 1
