calib_AVP5-CAMERA-FRONT_to_velodyne64: -0.0038311672529149575 -0.027713561339062703 0.9996085637265147 0.0 -0.9999791832364483 -0.005083713949386755 -0.003973530702829636 0.0 0.0051918446862085025 -0.9996029783721071 -0.027693507874003046 0.0 -0.03413402002578714 1.264951285339579 -2.7724789130226677 1.0
AVP5-CAMERA-FRONT_D: -0.3201545 0.1133811 -0.0263848 0.0014898
AVP5-CAMERA-FRONT_K: 2439.9014 0.0 1937.61133 0.0 2439.9014 1353.51111 0.0 0.0 1.0
AVP5-CAMERA-FRONT_image_width: 3856.0
AVP5-CAMERA-FRONT_image_height: 2176.0
AVP5-CAMERA-FRONT_image_scale: 1
