calib_AVP5-CAMERA-FRONT_to_velodyne64: 0.008222445980941061 -0.015728779809603185 0.9998424860285698 0.0 -0.9995147537301865 -0.030170682254034794 0.007745128017694115 0.0 0.03004410853686475 -0.9994210000885647 -0.015969224282913776 0.0 -0.23694603250519697 2.3893315386259673 -53.28759578857035 1.0
AVP5-CAMERA-FRONT_D: -0.3201545 0.1133811 -0.0263848 0.0014898
AVP5-CAMERA-FRONT_K: 2439.9014 0.0 1937.61133 0.0 2439.9014 1353.51111 0.0 0.0 1.0
AVP5-CAMERA-FRONT_image_width: 3856.0
AVP5-CAMERA-FRONT_image_height: 2176.0
AVP5-CAMERA-FRONT_image_scale: 1
