calib_AVP5-CAMERA-FRONT_to_velodyne64: -0.004195008991333345 -0.027239336445141375 0.9996201380772551 0.0 -0.9999804232266429 -0.004526792087123099 -0.004319874635156405 0.0 0.0046427430497649165 -0.9996186906533053 -0.027219813253318004 0.0 -0.1016745787382123 1.2287259625126845 -3.0938357274999726 1.0
AVP5-CAMERA-FRONT_D: -0.3201545 0.1133811 -0.0263848 0.0014898
AVP5-CAMERA-FRONT_K: 2439.9014 0.0 1937.61133 0.0 2439.9014 1353.51111 0.0 0.0 1.0
AVP5-CAMERA-FRONT_image_width: 3856.0
AVP5-CAMERA-FRONT_image_height: 2176.0
AVP5-CAMERA-FRONT_image_scale: 1
