calib_AVP5-CAMERA-FRONT_to_velodyne64: -0.00424763367120025 -0.02713018563289052 0.9996228842097004 0.0 -0.9999805851460577 -0.004442393510591056 -0.004369722055796105 0.0 0.004559269584389411 -0.9996220376559443 -0.027110789244042706 0.0 -0.12124616471131247 1.2001863963241417 -3.098794870503526 1.0
AVP5-CAMERA-FRONT_D: -0.3201545 0.1133811 -0.0263848 0.0014898
AVP5-CAMERA-FRONT_K: 2439.9014 0.0 1937.61133 0.0 2439.9014 1353.51111 0.0 0.0 1.0
AVP5-CAMERA-FRONT_image_width: 3856.0
AVP5-CAMERA-FRONT_image_height: 2176.0
AVP5-CAMERA-FRONT_image_scale: 1
