calib_AVP5-CAMERA-FRONT_to_velodyne64: 0.016810783794691697 -0.01778198307196967 0.999700554479308 0.0 -0.9996586403651087 -0.020298581836703536 0.016449021818971458 0.0 0.020000007289760764 -0.9996358180124634 -0.018117148091316242 0.0 -0.6925065238330818 2.7364104311679824 -62.65472892119372 1.0
AVP5-CAMERA-FRONT_D: -0.3201545 0.1133811 -0.0263848 0.0014898
AVP5-CAMERA-FRONT_K: 2439.9014 0.0 1937.61133 0.0 2439.9014 1353.51111 0.0 0.0 1.0
AVP5-CAMERA-FRONT_image_width: 3856.0
AVP5-CAMERA-FRONT_image_height: 2176.0
AVP5-CAMERA-FRONT_image_scale: 1
