calib_AVP5-CAMERA-FRONT_to_velodyne64: -0.0040842347696732765 -0.027439448869547182 0.9996151237711848 0.0 -0.9999802159747707 -0.004670172792394797 -0.00421392277332397 0.0 0.004784003072381428 -0.9996125580102645 -0.027419831924699375 0.0 -0.08232390891208549 1.2386049231554963 -3.0899231728798133 1.0
AVP5-CAMERA-FRONT_D: -0.3201545 0.1133811 -0.0263848 0.0014898
AVP5-CAMERA-FRONT_K: 2439.9014 0.0 1937.61133 0.0 2439.9014 1353.51111 0.0 0.0 1.0
AVP5-CAMERA-FRONT_image_width: 3856.0
AVP5-CAMERA-FRONT_image_height: 2176.0
AVP5-CAMERA-FRONT_image_scale: 1
