calib_AVP5-CAMERA-FRONT_to_velodyne64: 0.004381239695267202 -0.021625186778332302 0.9997565483834226 0.0 -0.9997955210747246 -0.019831647269906858 0.003952442976381195 0.0 0.019741346905724693 -0.9995694358389338 -0.02170765208362242 0.0 -0.18477959537218097 1.8841114469960414 -27.771710871477953 1.0
AVP5-CAMERA-FRONT_D: -0.3201545 0.1133811 -0.0263848 0.0014898
AVP5-CAMERA-FRONT_K: 2439.9014 0.0 1937.61133 0.0 2439.9014 1353.51111 0.0 0.0 1.0
AVP5-CAMERA-FRONT_image_width: 3856.0
AVP5-CAMERA-FRONT_image_height: 2176.0
AVP5-CAMERA-FRONT_image_scale: 1
