calib_AVP5-CAMERA-FRONT_to_velodyne64: -0.0032742160246835394 -0.030076823236273906 0.9995422273288094 0.0 -0.9999799513719986 -0.005319096485575577 -0.003435704677625542 0.0 0.005419996630850078 -0.9995334371178339 -0.030058804366283453 0.0 -0.019837953114320465 1.2617775490108962 -1.897002675338113 1.0
AVP5-CAMERA-FRONT_D: -0.3201545 0.1133811 -0.0263848 0.0014898
AVP5-CAMERA-FRONT_K: 2439.9014 0.0 1937.61133 0.0 2439.9014 1353.51111 0.0 0.0 1.0
AVP5-CAMERA-FRONT_image_width: 3856.0
AVP5-CAMERA-FRONT_image_height: 2176.0
AVP5-CAMERA-FRONT_image_scale: 1
