calib_AVP5-CAMERA-FRONT_to_velodyne64: -0.003960583663784069 -0.027053662071565444 0.9996261366858907 0.0 -0.9999824928986702 -0.004287602181013903 -0.004078034293363003 0.0 0.004396324965541866 -0.9996247875258272 -0.02703620703320728 0.0 -0.13728500770088167 1.1911140730102883 -3.098991601000563 1.0
AVP5-CAMERA-FRONT_D: -0.3201545 0.1133811 -0.0263848 0.0014898
AVP5-CAMERA-FRONT_K: 2439.9014 0.0 1937.61133 0.0 2439.9014 1353.51111 0.0 0.0 1.0
AVP5-CAMERA-FRONT_image_width: 3856.0
AVP5-CAMERA-FRONT_image_height: 2176.0
AVP5-CAMERA-FRONT_image_scale: 1
