calib_AVP5-CAMERA-FRONT_to_velodyne64: 0.002444168482576567 -0.01689796879725695 0.9998542317212821 0.0 -0.9999960436053575 0.0013509168162671179 0.0024673462235024137 0.0 -0.0013924130349448527 -0.9998563065132322 -0.01689460007391882 0.0 -0.20257373613498963 1.4773691925892305 -16.136121954229104 1.0
AVP5-CAMERA-FRONT_D: -0.3201545 0.1133811 -0.0263848 0.0014898
AVP5-CAMERA-FRONT_K: 2439.9014 0.0 1937.61133 0.0 2439.9014 1353.51111 0.0 0.0 1.0
AVP5-CAMERA-FRONT_image_width: 3856.0
AVP5-CAMERA-FRONT_image_height: 2176.0
AVP5-CAMERA-FRONT_image_scale: 1
