calib_AVP5-CAMERA-FRONT_to_velodyne64: -0.004104847484380903 -0.027086596423130372 0.9996246628216712 0.0 -0.9999805595662165 -0.004580820320083415 -0.0042304343549560966 0.0 0.004693689035977326 -0.9996225949724254 -0.027067266279178877 0.0 -0.0897698843363565 1.2349921409918703 -3.0888477730581183 1.0
AVP5-CAMERA-FRONT_D: -0.3201545 0.1133811 -0.0263848 0.0014898
AVP5-CAMERA-FRONT_K: 2439.9014 0.0 1937.61133 0.0 2439.9014 1353.51111 0.0 0.0 1.0
AVP5-CAMERA-FRONT_image_width: 3856.0
AVP5-CAMERA-FRONT_image_height: 2176.0
AVP5-CAMERA-FRONT_image_scale: 1
