calib_AVP5-CAMERA-FRONT_to_velodyne64: -0.004670896571090738 -0.017433169210181336 0.999837120403374 0.0 -0.999963165852571 -0.007118227959950641 -0.004795598900314776 0.0 0.007200671032945221 -0.9998226920019365 -0.017399278567686104 0.0 -0.12993368390449436 1.2284680124398606 -5.62869965327417 1.0
AVP5-CAMERA-FRONT_D: -0.3201545 0.1133811 -0.0263848 0.0014898
AVP5-CAMERA-FRONT_K: 2439.9014 0.0 1937.61133 0.0 2439.9014 1353.51111 0.0 0.0 1.0
AVP5-CAMERA-FRONT_image_width: 3856.0
AVP5-CAMERA-FRONT_image_height: 2176.0
AVP5-CAMERA-FRONT_image_scale: 1
