calib_AVP5-CAMERA-FRONT_to_velodyne64: -0.003832674152670296 -0.027821137169240753 0.9996055696800862 0.0 -0.9999793836142956 -0.005043400390346185 -0.003974475924651395 0.0 0.005151985560192379 -0.9996001942972566 -0.027801233887628472 0.0 -0.03823698755642198 1.2642604401695676 -2.8462115309417086 1.0
AVP5-CAMERA-FRONT_D: -0.3201545 0.1133811 -0.0263848 0.0014898
AVP5-CAMERA-FRONT_K: 2439.9014 0.0 1937.61133 0.0 2439.9014 1353.51111 0.0 0.0 1.0
AVP5-CAMERA-FRONT_image_width: 3856.0
AVP5-CAMERA-FRONT_image_height: 2176.0
AVP5-CAMERA-FRONT_image_scale: 1
