calib_AVP5-CAMERA-FRONT_to_velodyne64: -0.0034999482852099725 -0.021273591148268968 0.9997675653278898 0.0 -0.9999857519682338 -0.00395531648700721 -0.0035848754529927323 0.0 0.004030660309020936 -0.9997658674865552 -0.02125944463831034 0.0 -0.14040892970791125 1.1843918753029292 -3.491924757465174 1.0
AVP5-CAMERA-FRONT_D: -0.3201545 0.1133811 -0.0263848 0.0014898
AVP5-CAMERA-FRONT_K: 2439.9014 0.0 1937.61133 0.0 2439.9014 1353.51111 0.0 0.0 1.0
AVP5-CAMERA-FRONT_image_width: 3856.0
AVP5-CAMERA-FRONT_image_height: 2176.0
AVP5-CAMERA-FRONT_image_scale: 1
