calib_AVP5-CAMERA-FRONT_to_velodyne64: 0.018791917228504557 -0.017643576361381516 0.9996677288279625 0.0 -0.9996625325674628 -0.018267510542779183 0.018469408203161612 0.0 0.017935574361658962 -0.9996774491163385 -0.017980903775056793 0.0 -0.8091787700196965 2.7689450329716103 -64.28304126264196 1.0
AVP5-CAMERA-FRONT_D: -0.3201545 0.1133811 -0.0263848 0.0014898
AVP5-CAMERA-FRONT_K: 2439.9014 0.0 1937.61133 0.0 2439.9014 1353.51111 0.0 0.0 1.0
AVP5-CAMERA-FRONT_image_width: 3856.0
AVP5-CAMERA-FRONT_image_height: 2176.0
AVP5-CAMERA-FRONT_image_scale: 1
