calib_AVP5-CAMERA-FRONT_to_velodyne64: -0.004011322213878786 -0.027072273132373505 0.9996254305096196 0.0 -0.9999822248413687 -0.004301092337872785 -0.004129237945081348 0.0 0.004411269137385552 -0.9996242257129161 -0.027054538851185195 0.0 -0.13656168576843233 1.1917569897931743 -3.098693464771733 1.0
AVP5-CAMERA-FRONT_D: -0.3201545 0.1133811 -0.0263848 0.0014898
AVP5-CAMERA-FRONT_K: 2439.9014 0.0 1937.61133 0.0 2439.9014 1353.51111 0.0 0.0 1.0
AVP5-CAMERA-FRONT_image_width: 3856.0
AVP5-CAMERA-FRONT_image_height: 2176.0
AVP5-CAMERA-FRONT_image_scale: 1
