calib_AVP5-CAMERA-FRONT_to_velodyne64: 0.006530755486778419 -0.014683471679403341 0.9998708641080665 0.0 -0.9998844407569406 -0.013822568051103892 0.006327854664258808 0.0 0.013727868186695821 -0.9997966454594217 -0.014772046680671683 0.0 -0.21088694962512228 2.0138311404573015 -40.546027000159675 1.0
AVP5-CAMERA-FRONT_D: -0.3201545 0.1133811 -0.0263848 0.0014898
AVP5-CAMERA-FRONT_K: 2439.9014 0.0 1937.61133 0.0 2439.9014 1353.51111 0.0 0.0 1.0
AVP5-CAMERA-FRONT_image_width: 3856.0
AVP5-CAMERA-FRONT_image_height: 2176.0
AVP5-CAMERA-FRONT_image_scale: 1
