calib_AVP5-CAMERA-FRONT_to_velodyne64: -0.00384937807185972 -0.027008416153555245 0.9996277946042398 0.0 -0.9999830133160491 -0.004271154992947806 -0.003966146036151941 0.0 0.004376684568683507 -0.9996260814384058 -0.02699151607975464 0.0 -0.14210165189079077 1.1884466125249376 -3.09980432420271 1.0
AVP5-CAMERA-FRONT_D: -0.3201545 0.1133811 -0.0263848 0.0014898
AVP5-CAMERA-FRONT_K: 2439.9014 0.0 1937.61133 0.0 2439.9014 1353.51111 0.0 0.0 1.0
AVP5-CAMERA-FRONT_image_width: 3856.0
AVP5-CAMERA-FRONT_image_height: 2176.0
AVP5-CAMERA-FRONT_image_scale: 1
