calib_AVP5-CAMERA-FRONT_to_velodyne64: -0.003773651094202485 -0.027018676843159756 0.9996278060653692 0.0 -0.9999830434572848 -0.004331806442249816 -0.003892075391390617 0.0 0.004435352897415256 -0.9996255431683365 -0.027001871973691083 0.0 -0.1426630582097478 1.1880405629738566 -3.098844047320144 1.0
AVP5-CAMERA-FRONT_D: -0.3201545 0.1133811 -0.0263848 0.0014898
AVP5-CAMERA-FRONT_K: 2439.9014 0.0 1937.61133 0.0 2439.9014 1353.51111 0.0 0.0 1.0
AVP5-CAMERA-FRONT_image_width: 3856.0
AVP5-CAMERA-FRONT_image_height: 2176.0
AVP5-CAMERA-FRONT_image_scale: 1
