calib_AVP5-CAMERA-FRONT_to_velodyne64: -0.005101816274773505 -0.024023644962713645 0.9996983724871235 0.0 -0.9999832662694503 -0.002604072140110768 -0.00516584836890141 0.0 0.002727389187453537 -0.9997079990132093 -0.024009957459886905 0.0 -0.12008763317257067 1.4070610231706384 -10.304072863781156 1.0
AVP5-CAMERA-FRONT_D: -0.3201545 0.1133811 -0.0263848 0.0014898
AVP5-CAMERA-FRONT_K: 2439.9014 0.0 1937.61133 0.0 2439.9014 1353.51111 0.0 0.0 1.0
AVP5-CAMERA-FRONT_image_width: 3856.0
AVP5-CAMERA-FRONT_image_height: 2176.0
AVP5-CAMERA-FRONT_image_scale: 1
