calib_AVP5-CAMERA-FRONT_to_velodyne64: -0.003518365575929412 -0.026947767559611258 0.9996306512543656 0.0 -0.9999839949677897 -0.004334285103639607 -0.003636451690755585 0.0 0.004430678495777634 -0.9996274465000415 -0.026932086660218547 0.0 -0.1457856654285949 1.187272924387927 -3.100103595094648 1.0
AVP5-CAMERA-FRONT_D: -0.3201545 0.1133811 -0.0263848 0.0014898
AVP5-CAMERA-FRONT_K: 2439.9014 0.0 1937.61133 0.0 2439.9014 1353.51111 0.0 0.0 1.0
AVP5-CAMERA-FRONT_image_width: 3856.0
AVP5-CAMERA-FRONT_image_height: 2176.0
AVP5-CAMERA-FRONT_image_scale: 1
