calib_AVP5-CAMERA-FRONT_to_velodyne64: 0.002317013688833649 -0.01808774960910618 0.9998337185560626 0.0 -0.999984058462063 0.0051064631440093395 0.0024097418741673136 0.0 -0.005149200841586816 -0.9998233630738167 -0.01807562951755338 0.0 -0.20220229376763288 1.4873515466562097 -15.722353352350469 1.0
AVP5-CAMERA-FRONT_D: -0.3201545 0.1133811 -0.0263848 0.0014898
AVP5-CAMERA-FRONT_K: 2439.9014 0.0 1937.61133 0.0 2439.9014 1353.51111 0.0 0.0 1.0
AVP5-CAMERA-FRONT_image_width: 3856.0
AVP5-CAMERA-FRONT_image_height: 2176.0
AVP5-CAMERA-FRONT_image_scale: 1
