calib_AVP5-CAMERA-FRONT_to_velodyne64: -0.003825078170790687 -0.027006813429169805 0.9996279311850931 0.0 -0.9999774984280673 -0.005405754395039969 -0.003972462330261357 0.0 0.0055110266314163416 -0.9996206329642374 -0.02698552830028161 0.0 -0.026260453848627754 1.2634479373229228 -2.593584367054494 1.0
AVP5-CAMERA-FRONT_D: -0.3201545 0.1133811 -0.0263848 0.0014898
AVP5-CAMERA-FRONT_K: 2439.9014 0.0 1937.61133 0.0 2439.9014 1353.51111 0.0 0.0 1.0
AVP5-CAMERA-FRONT_image_width: 3856.0
AVP5-CAMERA-FRONT_image_height: 2176.0
AVP5-CAMERA-FRONT_image_scale: 1
