calib_AVP5-CAMERA-FRONT_to_velodyne64: 0.007531074410840889 -0.012934251031992928 0.9998879877608587 0.0 -0.9996154171098477 -0.026784864922733236 0.00718254045414832 0.0 0.02668896390875679 -0.9995575401953167 -0.013130995551166499 0.0 -0.21215473922497247 2.183901581037726 -51.057534515920125 1.0
AVP5-CAMERA-FRONT_D: -0.3201545 0.1133811 -0.0263848 0.0014898
AVP5-CAMERA-FRONT_K: 2439.9014 0.0 1937.61133 0.0 2439.9014 1353.51111 0.0 0.0 1.0
AVP5-CAMERA-FRONT_image_width: 3856.0
AVP5-CAMERA-FRONT_image_height: 2176.0
AVP5-CAMERA-FRONT_image_scale: 1
