calib_AVP5-CAMERA-FRONT_to_velodyne64: -0.0040452114144373 -0.027090414315806072 0.9996248024718125 0.0 -0.999982059911059 -0.004306533831557889 -0.004163366713646614 0.0 0.004417705359930596 -0.9996237108125016 -0.02707250747155171 0.0 -0.13508285735249592 1.1929829788734954 -3.099013492883376 1.0
AVP5-CAMERA-FRONT_D: -0.3201545 0.1133811 -0.0263848 0.0014898
AVP5-CAMERA-FRONT_K: 2439.9014 0.0 1937.61133 0.0 2439.9014 1353.51111 0.0 0.0 1.0
AVP5-CAMERA-FRONT_image_width: 3856.0
AVP5-CAMERA-FRONT_image_height: 2176.0
AVP5-CAMERA-FRONT_image_scale: 1
