calib_AVP5-CAMERA-FRONT_to_velodyne64: 0.026806907594548877 -0.017222272981867896 0.9994922626106492 0.0 -0.9991815511422085 -0.03076022514730887 0.026268544039148974 0.0 0.030292202994618333 -0.9993784077426452 -0.01803276394532873 0.0 -1.3114561018361521 2.9897796461027455 -72.69220585342997 1.0
AVP5-CAMERA-FRONT_D: -0.3201545 0.1133811 -0.0263848 0.0014898
AVP5-CAMERA-FRONT_K: 2439.9014 0.0 1937.61133 0.0 2439.9014 1353.51111 0.0 0.0 1.0
AVP5-CAMERA-FRONT_image_width: 3856.0
AVP5-CAMERA-FRONT_image_height: 2176.0
AVP5-CAMERA-FRONT_image_scale: 1
