calib_AVP5-CAMERA-FRONT_to_velodyne64: -0.003484224080225043 -0.026960162839694293 0.9996304366125593 0.0 -0.9999839914899041 -0.004362828499481752 -0.0036031224519150955 0.0 0.00445835692583769 -0.9996269881046338 -0.02694453017553948 0.0 -0.1460624792284806 1.187335362513756 -3.100515451883472 1.0
AVP5-CAMERA-FRONT_D: -0.3201545 0.1133811 -0.0263848 0.0014898
AVP5-CAMERA-FRONT_K: 2439.9014 0.0 1937.61133 0.0 2439.9014 1353.51111 0.0 0.0 1.0
AVP5-CAMERA-FRONT_image_width: 3856.0
AVP5-CAMERA-FRONT_image_height: 2176.0
AVP5-CAMERA-FRONT_image_scale: 1
