calib_AVP5-CAMERA-FRONT_to_velodyne64: -0.0038983318986623525 -0.027038711503036186 0.9996267858999492 0.0 -0.9999828033226017 -0.004274357425215921 -0.0040153365578074335 0.0 0.004381331701530362 -0.9996252487551807 -0.027021583663140177 0.0 -0.14148829964753656 1.1890729264443995 -3.0999859037474193 1.0
AVP5-CAMERA-FRONT_D: -0.3201545 0.1133811 -0.0263848 0.0014898
AVP5-CAMERA-FRONT_K: 2439.9014 0.0 1937.61133 0.0 2439.9014 1353.51111 0.0 0.0 1.0
AVP5-CAMERA-FRONT_image_width: 3856.0
AVP5-CAMERA-FRONT_image_height: 2176.0
AVP5-CAMERA-FRONT_image_scale: 1
