calib_AVP5-CAMERA-FRONT_to_velodyne64: -0.0036362962548767163 -0.02696700095485807 0.9996297105473841 0.0 -0.9999835313258855 -0.004340447962816295 -0.00375467555101106 0.0 0.004440093079885374 -0.9996269010840907 -0.0269507736894358 0.0 -0.14553431754602436 1.1872446231848302 -3.0988924797905666 1.0
AVP5-CAMERA-FRONT_D: -0.3201545 0.1133811 -0.0263848 0.0014898
AVP5-CAMERA-FRONT_K: 2439.9014 0.0 1937.61133 0.0 2439.9014 1353.51111 0.0 0.0 1.0
AVP5-CAMERA-FRONT_image_width: 3856.0
AVP5-CAMERA-FRONT_image_height: 2176.0
AVP5-CAMERA-FRONT_image_scale: 1
