calib_AVP5-CAMERA-FRONT_to_velodyne64: -0.00410996858661482 -0.01764487174280902 0.9998358698603468 0.0 -0.9999794816303458 -0.004840459830763261 -0.0041959822368006746 0.0 0.004913702933818746 -0.999832600213559 -0.017624615560958876 0.0 -0.13648257464454333 1.1978044051135612 -4.326172098873149 1.0
AVP5-CAMERA-FRONT_D: -0.3201545 0.1133811 -0.0263848 0.0014898
AVP5-CAMERA-FRONT_K: 2439.9014 0.0 1937.61133 0.0 2439.9014 1353.51111 0.0 0.0 1.0
AVP5-CAMERA-FRONT_image_width: 3856.0
AVP5-CAMERA-FRONT_image_height: 2176.0
AVP5-CAMERA-FRONT_image_scale: 1
