calib_AVP5-CAMERA-FRONT_to_velodyne64: -0.004036546551071074 -0.028011461828089237 0.9995994519297187 0.0 -0.9999812837040581 -0.004482830097650977 -0.004163709391795533 0.0 0.0045976660953975425 -0.9995975501373388 -0.02799284240491018 0.0 -0.06638338749867292 1.2490651073475199 -3.0847723570292565 1.0
AVP5-CAMERA-FRONT_D: -0.3201545 0.1133811 -0.0263848 0.0014898
AVP5-CAMERA-FRONT_K: 2439.9014 0.0 1937.61133 0.0 2439.9014 1353.51111 0.0 0.0 1.0
AVP5-CAMERA-FRONT_image_width: 3856.0
AVP5-CAMERA-FRONT_image_height: 2176.0
AVP5-CAMERA-FRONT_image_scale: 1
