calib_AVP5-CAMERA-FRONT_to_velodyne64: 0.002144096769146827 -0.01546935997419783 0.9998780434388149 0.0 -0.9998889731018455 -0.014777426984887232 0.0019154949863930298 0.0 0.014745993299235751 -0.9997711370877311 -0.015499326692598047 0.0 -0.16303636539942096 1.5672749629199725 -21.065090706467416 1.0
AVP5-CAMERA-FRONT_D: -0.3201545 0.1133811 -0.0263848 0.0014898
AVP5-CAMERA-FRONT_K: 2439.9014 0.0 1937.61133 0.0 2439.9014 1353.51111 0.0 0.0 1.0
AVP5-CAMERA-FRONT_image_width: 3856.0
AVP5-CAMERA-FRONT_image_height: 2176.0
AVP5-CAMERA-FRONT_image_scale: 1
