calib_AVP5-CAMERA-FRONT_to_velodyne64: -0.004061443939651406 -0.02710506158613277 0.9996243395943981 0.0 -0.9999819232335241 -0.004322042728981401 -0.0041800900505485706 0.0 0.0044337207069125445 -0.9996232468200511 -0.027087017880015614 0.0 -0.13340951216086722 1.1940480468091919 -3.098622743224045 1.0
AVP5-CAMERA-FRONT_D: -0.3201545 0.1133811 -0.0263848 0.0014898
AVP5-CAMERA-FRONT_K: 2439.9014 0.0 1937.61133 0.0 2439.9014 1353.51111 0.0 0.0 1.0
AVP5-CAMERA-FRONT_image_width: 3856.0
AVP5-CAMERA-FRONT_image_height: 2176.0
AVP5-CAMERA-FRONT_image_scale: 1
