calib_AVP5-CAMERA-FRONT_to_velodyne64: 0.0022786075750158372 -0.017671622149937602 0.9998412482579965 0.0 -0.9999562861464177 -0.009107154906118022 0.002117905989201212 0.0 0.009068282295021766 -0.999802367220695 -0.017691601287390286 0.0 -0.18134045903713564 1.540333790681827 -18.290277674812405 1.0
AVP5-CAMERA-FRONT_D: -0.3201545 0.1133811 -0.0263848 0.0014898
AVP5-CAMERA-FRONT_K: 2439.9014 0.0 1937.61133 0.0 2439.9014 1353.51111 0.0 0.0 1.0
AVP5-CAMERA-FRONT_image_width: 3856.0
AVP5-CAMERA-FRONT_image_height: 2176.0
AVP5-CAMERA-FRONT_image_scale: 1
