calib_AVP5-CAMERA-FRONT_to_velodyne64: -0.0038543534551997768 -0.027918035004940518 0.9996027847504753 0.0 -0.9999798293441793 -0.004938717904302084 -0.003993741384675341 0.0 0.005048253582015481 -0.9995980153976524 -0.027898436315446525 0.0 -0.039903927498821726 1.2640212595984617 -2.8686676488134264 1.0
AVP5-CAMERA-FRONT_D: -0.3201545 0.1133811 -0.0263848 0.0014898
AVP5-CAMERA-FRONT_K: 2439.9014 0.0 1937.61133 0.0 2439.9014 1353.51111 0.0 0.0 1.0
AVP5-CAMERA-FRONT_image_width: 3856.0
AVP5-CAMERA-FRONT_image_height: 2176.0
AVP5-CAMERA-FRONT_image_scale: 1
