calib_AVP5-CAMERA-FRONT_to_velodyne64: -0.003302129867482949 -0.02967936889265132 0.999554016049394 0.0 -0.9999719731567576 -0.006618361690633372 -0.0035000270731894516 0.0 0.006719288602179539 -0.9995375592496093 -0.029656682383819365 0.0 -0.01917560595031467 1.2666886274502043 -2.1101194686988523 1.0
AVP5-CAMERA-FRONT_D: -0.3201545 0.1133811 -0.0263848 0.0014898
AVP5-CAMERA-FRONT_K: 2439.9014 0.0 1937.61133 0.0 2439.9014 1353.51111 0.0 0.0 1.0
AVP5-CAMERA-FRONT_image_width: 3856.0
AVP5-CAMERA-FRONT_image_height: 2176.0
AVP5-CAMERA-FRONT_image_scale: 1
