calib_AVP5-CAMERA-FRONT_to_velodyne64: -0.003841650772256822 -0.027913310097603734 0.9996029656012124 0.0 -0.9999808226143885 -0.004748494367969361 -0.003975701785596671 0.0 0.004857584049159825 -0.9995990690875177 -0.027894532736236512 0.0 -0.04459225411060512 1.2604541525977662 -2.9301641389622928 1.0
AVP5-CAMERA-FRONT_D: -0.3201545 0.1133811 -0.0263848 0.0014898
AVP5-CAMERA-FRONT_K: 2439.9014 0.0 1937.61133 0.0 2439.9014 1353.51111 0.0 0.0 1.0
AVP5-CAMERA-FRONT_image_width: 3856.0
AVP5-CAMERA-FRONT_image_height: 2176.0
AVP5-CAMERA-FRONT_image_scale: 1
