calib_AVP5-CAMERA-FRONT_to_velodyne64: -0.004035070492514989 -0.027998642238382068 0.9995998170462653 0.0 -0.9999813319941354 -0.004473711793602783 -0.004161918550640921 0.0 0.004588449558927782 -0.9995979501457547 -0.027980067817114162 0.0 -0.07252619576337976 1.2459947609534687 -3.087378402898116 1.0
AVP5-CAMERA-FRONT_D: -0.3201545 0.1133811 -0.0263848 0.0014898
AVP5-CAMERA-FRONT_K: 2439.9014 0.0 1937.61133 0.0 2439.9014 1353.51111 0.0 0.0 1.0
AVP5-CAMERA-FRONT_image_width: 3856.0
AVP5-CAMERA-FRONT_image_height: 2176.0
AVP5-CAMERA-FRONT_image_scale: 1
