calib_AVP5-CAMERA-FRONT_to_velodyne64: 0.00623994042758464 -0.016444603545442124 0.9998453071139022 0.0 -0.9998592628017431 -0.015673781028146837 0.005982238530529205 0.0 0.015572980864774745 -0.9997419204987431 -0.01654009263790332 0.0 -0.21356920268991425 1.960394863857885 -36.032474172547694 1.0
AVP5-CAMERA-FRONT_D: -0.3201545 0.1133811 -0.0263848 0.0014898
AVP5-CAMERA-FRONT_K: 2439.9014 0.0 1937.61133 0.0 2439.9014 1353.51111 0.0 0.0 1.0
AVP5-CAMERA-FRONT_image_width: 3856.0
AVP5-CAMERA-FRONT_image_height: 2176.0
AVP5-CAMERA-FRONT_image_scale: 1
