{
    "data": {
        "uuid": "9d2453ee-a5c6-4459-8f9e-4a23e59f4abb",
        "frames": [
            {
                "index": 1,
                "url": "/200/1377256020297882/velodyne_points/2023-08-28_11-07-19__FCW_MIPI_0484_8e54035c-45ea-4b90-8dbc-0c447d914f54_0_1377256020247882_agg.pcd",
                "points": 234842,
                "pose": [
                    0.0,
                    0.0,
                    0.0,
                    0.0,
                    0.0,
                    0.0,
                    0.0,
                    0.0,
                    1.0
                ],
                "cameras": [
                    {
                        "name": "AVP5-CAMERA-FRONT",
                        "url": "/200/1377256020297882/images/AVP5-CAMERA-FRONT/2023-08-28_11-07-19__FCW_MIPI_0484_8e54035c-45ea-4b90-8dbc-0c447d914f54_FWP_002_287454_1377256020285370.jpg",
                        "params": {
                            "distortionCoefficients": {
                                "k1": -0.3201545,
                                "k2": 0.1133811,
                                "k3": -0.0263848,
                                "k4": 0.0014898
                            },
                            "distortionType": "fisheye",
                            "M": [
                                -0.0032742160246835394,
                                -0.030076823236273906,
                                0.9995422273288094,
                                0.0,
                                -0.9999799513719986,
                                -0.005319096485575577,
                                -0.003435704677625542,
                                0.0,
                                0.005419996630850078,
                                -0.9995334371178339,
                                -0.030058804366283453,
                                0.0,
                                -0.019837953114320465,
                                1.2617775490108962,
                                -1.897002675338113,
                                1.0
                            ],
                            "K": [
                                2439.9014,
                                0.0,
                                1937.61133,
                                0.0,
                                2439.9014,
                                1353.51111,
                                0.0,
                                0.0,
                                1.0
                            ],
                            "width": 3856.0,
                            "height": 2176.0
                        }
                    }
                ]
            },
            {
                "index": 2,
                "url": "/200/1377256020397936/velodyne_points/2023-08-28_11-07-19__FCW_MIPI_0484_8e54035c-45ea-4b90-8dbc-0c447d914f54_1_1377256020347936_agg.pcd",
                "points": 235143,
                "pose": [
                    0.0,
                    0.0,
                    0.0,
                    0.0,
                    0.0,
                    0.0,
                    0.0,
                    0.0,
                    1.0
                ],
                "cameras": [
                    {
                        "name": "AVP5-CAMERA-FRONT",
                        "url": "/200/1377256020397936/images/AVP5-CAMERA-FRONT/2023-08-28_11-07-19__FCW_MIPI_0484_8e54035c-45ea-4b90-8dbc-0c447d914f54_FWP_003_287456_1377256020352089.jpg",
                        "params": {
                            "distortionCoefficients": {
                                "k1": -0.3201545,
                                "k2": 0.1133811,
                                "k3": -0.0263848,
                                "k4": 0.0014898
                            },
                            "distortionType": "fisheye",
                            "M": [
                                -0.003220883000613174,
                                -0.02989580525003692,
                                0.9995478311422359,
                                0.0,
                                -0.9999786817778805,
                                -0.00558115696498417,
                                -0.0033892000095060684,
                                0.0,
                                0.005679956203051968,
                                -0.9995374387762491,
                                -0.029877191671027866,
                                0.0,
                                -0.019752606275998542,
                                1.2624225632090997,
                                -1.9555448200840524,
                                1.0
                            ],
                            "K": [
                                2439.9014,
                                0.0,
                                1937.61133,
                                0.0,
                                2439.9014,
                                1353.51111,
                                0.0,
                                0.0,
                                1.0
                            ],
                            "width": 3856.0,
                            "height": 2176.0
                        }
                    }
                ]
            },
            {
                "index": 3,
                "url": "/200/1377256020498012/velodyne_points/2023-08-28_11-07-19__FCW_MIPI_0484_8e54035c-45ea-4b90-8dbc-0c447d914f54_2_1377256020448012_agg.pcd",
                "points": 235027,
                "pose": [
                    0.0,
                    0.0,
                    0.0,
                    0.0,
                    0.0,
                    0.0,
                    0.0,
                    0.0,
                    1.0
                ],
                "cameras": [
                    {
                        "name": "AVP5-CAMERA-FRONT",
                        "url": "/200/1377256020498012/images/AVP5-CAMERA-FRONT/2023-08-28_11-07-19__FCW_MIPI_0484_8e54035c-45ea-4b90-8dbc-0c447d914f54_FWP_005_287460_1377256020485438.jpg",
                        "params": {
                            "distortionCoefficients": {
                                "k1": -0.3201545,
                                "k2": 0.1133811,
                                "k3": -0.0263848,
                                "k4": 0.0014898
                            },
                            "distortionType": "fisheye",
                            "M": [
                                -0.0033130539747636945,
                                -0.029686061450979462,
                                0.9995537811588171,
                                0.0,
                                -0.9999745319944723,
                                -0.006220214551877878,
                                -0.0034991846714412865,
                                0.0,
                                0.006321315986133402,
                                -0.9995399175052778,
                                -0.029664697499657333,
                                0.0,
                                -0.01896711832361473,
                                1.264848011167866,
                                -2.062603151703729,
                                1.0
                            ],
                            "K": [
                                2439.9014,
                                0.0,
                                1937.61133,
                                0.0,
                                2439.9014,
                                1353.51111,
                                0.0,
                                0.0,
                                1.0
                            ],
                            "width": 3856.0,
                            "height": 2176.0
                        }
                    }
                ]
            },
            {
                "index": 4,
                "url": "/200/1377256020598110/velodyne_points/2023-08-28_11-07-19__FCW_MIPI_0484_8e54035c-45ea-4b90-8dbc-0c447d914f54_3_1377256020548110_agg.pcd",
                "points": 235252,
                "pose": [
                    0.0,
                    0.0,
                    0.0,
                    0.0,
                    0.0,
                    0.0,
                    0.0,
                    0.0,
                    1.0
                ],
                "cameras": [
                    {
                        "name": "AVP5-CAMERA-FRONT",
                        "url": "/200/1377256020598110/images/AVP5-CAMERA-FRONT/2023-08-28_11-07-19__FCW_MIPI_0484_8e54035c-45ea-4b90-8dbc-0c447d914f54_FWP_006_287462_1377256020552068.jpg",
                        "params": {
                            "distortionCoefficients": {
                                "k1": -0.3201545,
                                "k2": 0.1133811,
                                "k3": -0.0263848,
                                "k4": 0.0014898
                            },
                            "distortionType": "fisheye",
                            "M": [
                                -0.003302129867482949,
                                -0.02967936889265132,
                                0.999554016049394,
                                0.0,
                                -0.9999719731567576,
                                -0.006618361690633372,
                                -0.0035000270731894516,
                                0.0,
                                0.006719288602179539,
                                -0.9995375592496093,
                                -0.029656682383819365,
                                0.0,
                                -0.01917560595031467,
                                1.2666886274502043,
                                -2.1101194686988523,
                                1.0
                            ],
                            "K": [
                                2439.9014,
                                0.0,
                                1937.61133,
                                0.0,
                                2439.9014,
                                1353.51111,
                                0.0,
                                0.0,
                                1.0
                            ],
                            "width": 3856.0,
                            "height": 2176.0
                        }
                    }
                ]
            },
            {
                "index": 5,
                "url": "/200/1377256020698216/velodyne_points/2023-08-28_11-07-19__FCW_MIPI_0484_8e54035c-45ea-4b90-8dbc-0c447d914f54_4_1377256020648216_agg.pcd",
                "points": 235172,
                "pose": [
                    0.0,
                    0.0,
                    0.0,
                    0.0,
                    0.0,
                    0.0,
                    0.0,
                    0.0,
                    1.0
                ],
                "cameras": [
                    {
                        "name": "AVP5-CAMERA-FRONT",
                        "url": "/200/1377256020698216/images/AVP5-CAMERA-FRONT/2023-08-28_11-07-19__FCW_MIPI_0484_8e54035c-45ea-4b90-8dbc-0c447d914f54_FWP_008_287466_1377256020685416.jpg",
                        "params": {
                            "distortionCoefficients": {
                                "k1": -0.3201545,
                                "k2": 0.1133811,
                                "k3": -0.0263848,
                                "k4": 0.0014898
                            },
                            "distortionType": "fisheye",
                            "M": [
                                -0.003319851671037116,
                                -0.029628842133378016,
                                0.9995554563398256,
                                0.0,
                                -0.9999715162063687,
                                -0.006677000512386975,
                                -0.0035191533204710634,
                                0.0,
                                0.006778300732315644,
                                -0.9995386682755163,
                                -0.02960583154024458,
                                0.0,
                                -0.017881916618418148,
                                1.266663304688998,
                                -2.1928577335211745,
                                1.0
                            ],
                            "K": [
                                2439.9014,
                                0.0,
                                1937.61133,
                                0.0,
                                2439.9014,
                                1353.51111,
                                0.0,
                                0.0,
                                1.0
                            ],
                            "width": 3856.0,
                            "height": 2176.0
                        }
                    }
                ]
            },
            {
                "index": 6,
                "url": "/200/1377256020798332/velodyne_points/2023-08-28_11-07-19__FCW_MIPI_0484_8e54035c-45ea-4b90-8dbc-0c447d914f54_5_1377256020748332_agg.pcd",
                "points": 235233,
                "pose": [
                    0.0,
                    0.0,
                    0.0,
                    0.0,
                    0.0,
                    0.0,
                    0.0,
                    0.0,
                    1.0
                ],
                "cameras": [
                    {
                        "name": "AVP5-CAMERA-FRONT",
                        "url": "/200/1377256020798332/images/AVP5-CAMERA-FRONT/2023-08-28_11-07-19__FCW_MIPI_0484_8e54035c-45ea-4b90-8dbc-0c447d914f54_FWP_009_287468_1377256020752045.jpg",
                        "params": {
                            "distortionCoefficients": {
                                "k1": -0.3201545,
                                "k2": 0.1133811,
                                "k3": -0.0263848,
                                "k4": 0.0014898
                            },
                            "distortionType": "fisheye",
                            "M": [
                                -0.0033966012226169197,
                                -0.02932797309364212,
                                0.9995640715303611,
                                0.0,
                                -0.9999716206743106,
                                -0.006622184449332977,
                                -0.003592286056478901,
                                0.0,
                                0.006724652119409432,
                                -0.9995479061392394,
                                -0.029304647865744868,
                                0.0,
                                -0.018029251890758987,
                                1.2665718806101471,
                                -2.22844297714828,
                                1.0
                            ],
                            "K": [
                                2439.9014,
                                0.0,
                                1937.61133,
                                0.0,
                                2439.9014,
                                1353.51111,
                                0.0,
                                0.0,
                                1.0
                            ],
                            "width": 3856.0,
                            "height": 2176.0
                        }
                    }
                ]
            },
            {
                "index": 7,
                "url": "/200/1377256020898424/velodyne_points/2023-08-28_11-07-19__FCW_MIPI_0484_8e54035c-45ea-4b90-8dbc-0c447d914f54_6_1377256020848424_agg.pcd",
                "points": 234809,
                "pose": [
                    0.0,
                    0.0,
                    0.0,
                    0.0,
                    0.0,
                    0.0,
                    0.0,
                    0.0,
                    1.0
                ],
                "cameras": [
                    {
                        "name": "AVP5-CAMERA-FRONT",
                        "url": "/200/1377256020898424/images/AVP5-CAMERA-FRONT/2023-08-28_11-07-19__FCW_MIPI_0484_8e54035c-45ea-4b90-8dbc-0c447d914f54_FWP_011_287472_1377256020885393.jpg",
                        "params": {
                            "distortionCoefficients": {
                                "k1": -0.3201545,
                                "k2": 0.1133811,
                                "k3": -0.0263848,
                                "k4": 0.0014898
                            },
                            "distortionType": "fisheye",
                            "M": [
                                -0.0035053959786720138,
                                -0.028192982967662244,
                                0.9995963524895526,
                                0.0,
                                -0.9999744687826221,
                                -0.006125612538704645,
                                -0.0036794909889929428,
                                0.0,
                                0.006226875777235817,
                                -0.9995837296507037,
                                -0.028170790468925476,
                                0.0,
                                -0.018137593636929312,
                                1.2640633196025695,
                                -2.2957161673090463,
                                1.0
                            ],
                            "K": [
                                2439.9014,
                                0.0,
                                1937.61133,
                                0.0,
                                2439.9014,
                                1353.51111,
                                0.0,
                                0.0,
                                1.0
                            ],
                            "width": 3856.0,
                            "height": 2176.0
                        }
                    }
                ]
            },
            {
                "index": 8,
                "url": "/200/1377256020998506/velodyne_points/2023-08-28_11-07-19__FCW_MIPI_0484_8e54035c-45ea-4b90-8dbc-0c447d914f54_7_1377256020948506_agg.pcd",
                "points": 235182,
                "pose": [
                    0.0,
                    0.0,
                    0.0,
                    0.0,
                    0.0,
                    0.0,
                    0.0,
                    0.0,
                    1.0
                ],
                "cameras": [
                    {
                        "name": "AVP5-CAMERA-FRONT",
                        "url": "/200/1377256020998506/images/AVP5-CAMERA-FRONT/2023-08-28_11-07-19__FCW_MIPI_0484_8e54035c-45ea-4b90-8dbc-0c447d914f54_FWP_012_287474_1377256020952024.jpg",
                        "params": {
                            "distortionCoefficients": {
                                "k1": -0.3201545,
                                "k2": 0.1133811,
                                "k3": -0.0263848,
                                "k4": 0.0014898
                            },
                            "distortionType": "fisheye",
                            "M": [
                                -0.0035421502874689605,
                                -0.02746252917948575,
                                0.9996165578172492,
                                0.0,
                                -0.9999751627937545,
                                -0.005993655036438086,
                                -0.003708085072915891,
                                0.0,
                                0.006093190210783269,
                                -0.9996048647292439,
                                -0.027440616660074173,
                                0.0,
                                -0.018871521350555417,
                                1.2633990528682764,
                                -2.3294531400566267,
                                1.0
                            ],
                            "K": [
                                2439.9014,
                                0.0,
                                1937.61133,
                                0.0,
                                2439.9014,
                                1353.51111,
                                0.0,
                                0.0,
                                1.0
                            ],
                            "width": 3856.0,
                            "height": 2176.0
                        }
                    }
                ]
            },
            {
                "index": 9,
                "url": "/200/1377256021098569/velodyne_points/2023-08-28_11-07-19__FCW_MIPI_0484_8e54035c-45ea-4b90-8dbc-0c447d914f54_8_1377256021048569_agg.pcd",
                "points": 235046,
                "pose": [
                    0.0,
                    0.0,
                    0.0,
                    0.0,
                    0.0,
                    0.0,
                    0.0,
                    0.0,
                    1.0
                ],
                "cameras": [
                    {
                        "name": "AVP5-CAMERA-FRONT",
                        "url": "/200/1377256021098569/images/AVP5-CAMERA-FRONT/2023-08-28_11-07-19__FCW_MIPI_0484_8e54035c-45ea-4b90-8dbc-0c447d914f54_FWP_014_287478_1377256021085372.jpg",
                        "params": {
                            "distortionCoefficients": {
                                "k1": -0.3201545,
                                "k2": 0.1133811,
                                "k3": -0.0263848,
                                "k4": 0.0014898
                            },
                            "distortionType": "fisheye",
                            "M": [
                                -0.0036046413968809374,
                                -0.026790987240601298,
                                0.9996345580076118,
                                0.0,
                                -0.9999760578939643,
                                -0.005808139924280072,
                                -0.003761535519812243,
                                0.0,
                                0.0059067926361704715,
                                -0.9996241836376777,
                                -0.026769409546334024,
                                0.0,
                                -0.021097006866551263,
                                1.2626466140462655,
                                -2.3962529700341073,
                                1.0
                            ],
                            "K": [
                                2439.9014,
                                0.0,
                                1937.61133,
                                0.0,
                                2439.9014,
                                1353.51111,
                                0.0,
                                0.0,
                                1.0
                            ],
                            "width": 3856.0,
                            "height": 2176.0
                        }
                    }
                ]
            },
            {
                "index": 10,
                "url": "/200/1377256021198608/velodyne_points/2023-08-28_11-07-19__FCW_MIPI_0484_8e54035c-45ea-4b90-8dbc-0c447d914f54_9_1377256021148608_agg.pcd",
                "points": 234852,
                "pose": [
                    0.0,
                    0.0,
                    0.0,
                    0.0,
                    0.0,
                    0.0,
                    0.0,
                    0.0,
                    1.0
                ],
                "cameras": [
                    {
                        "name": "AVP5-CAMERA-FRONT",
                        "url": "/200/1377256021198608/images/AVP5-CAMERA-FRONT/2023-08-28_11-07-19__FCW_MIPI_0484_8e54035c-45ea-4b90-8dbc-0c447d914f54_FWP_015_287480_1377256021152090.jpg",
                        "params": {
                            "distortionCoefficients": {
                                "k1": -0.3201545,
                                "k2": 0.1133811,
                                "k3": -0.0263848,
                                "k4": 0.0014898
                            },
                            "distortionType": "fisheye",
                            "M": [
                                -0.003642456677756097,
                                -0.02686775498818587,
                                0.9996323605462384,
                                0.0,
                                -0.9999769867101054,
                                -0.005623617413737175,
                                -0.0037948619686455193,
                                0.0,
                                0.005723509371690618,
                                -0.9996231783372564,
                                -0.026846652889949685,
                                0.0,
                                -0.021174320217336545,
                                1.261829901138147,
                                -2.4288060136697096,
                                1.0
                            ],
                            "K": [
                                2439.9014,
                                0.0,
                                1937.61133,
                                0.0,
                                2439.9014,
                                1353.51111,
                                0.0,
                                0.0,
                                1.0
                            ],
                            "width": 3856.0,
                            "height": 2176.0
                        }
                    }
                ]
            },
            {
                "index": 11,
                "url": "/200/1377256021298624/velodyne_points/2023-08-28_11-07-19__FCW_MIPI_0484_8e54035c-45ea-4b90-8dbc-0c447d914f54_10_1377256021248624_agg.pcd",
                "points": 234663,
                "pose": [
                    0.0,
                    0.0,
                    0.0,
                    0.0,
                    0.0,
                    0.0,
                    0.0,
                    0.0,
                    1.0
                ],
                "cameras": [
                    {
                        "name": "AVP5-CAMERA-FRONT",
                        "url": "/200/1377256021298624/images/AVP5-CAMERA-FRONT/2023-08-28_11-07-19__FCW_MIPI_0484_8e54035c-45ea-4b90-8dbc-0c447d914f54_FWP_017_287484_1377256021285349.jpg",
                        "params": {
                            "distortionCoefficients": {
                                "k1": -0.3201545,
                                "k2": 0.1133811,
                                "k3": -0.0263848,
                                "k4": 0.0014898
                            },
                            "distortionType": "fisheye",
                            "M": [
                                -0.003780404490880613,
                                -0.027060915323381,
                                0.9996266380022821,
                                0.0,
                                -0.9999776082090099,
                                -0.005417638825849686,
                                -0.00392839281896312,
                                0.0,
                                0.005521921990825732,
                                -0.999619105485391,
                                -0.02703982851487385,
                                0.0,
                                -0.022096187668881412,
                                1.2624989149680639,
                                -2.496575064515433,
                                1.0
                            ],
                            "K": [
                                2439.9014,
                                0.0,
                                1937.61133,
                                0.0,
                                2439.9014,
                                1353.51111,
                                0.0,
                                0.0,
                                1.0
                            ],
                            "width": 3856.0,
                            "height": 2176.0
                        }
                    }
                ]
            },
            {
                "index": 12,
                "url": "/200/1377256021398598/velodyne_points/2023-08-28_11-07-19__FCW_MIPI_0484_8e54035c-45ea-4b90-8dbc-0c447d914f54_11_1377256021348598_agg.pcd",
                "points": 234643,
                "pose": [
                    0.0,
                    0.0,
                    0.0,
                    0.0,
                    0.0,
                    0.0,
                    0.0,
                    0.0,
                    1.0
                ],
                "cameras": [
                    {
                        "name": "AVP5-CAMERA-FRONT",
                        "url": "/200/1377256021398598/images/AVP5-CAMERA-FRONT/2023-08-28_11-07-19__FCW_MIPI_0484_8e54035c-45ea-4b90-8dbc-0c447d914f54_FWP_018_287486_1377256021352068.jpg",
                        "params": {
                            "distortionCoefficients": {
                                "k1": -0.3201545,
                                "k2": 0.1133811,
                                "k3": -0.0263848,
                                "k4": 0.0014898
                            },
                            "distortionType": "fisheye",
                            "M": [
                                -0.0037936742147604663,
                                -0.027105257349503472,
                                0.9996253863622959,
                                0.0,
                                -0.9999774533582009,
                                -0.005436007639676755,
                                -0.003942409946705642,
                                0.0,
                                0.005540831273263008,
                                -0.9996178043857356,
                                -0.02708402377496124,
                                0.0,
                                -0.02291545838270972,
                                1.262831338414268,
                                -2.5293718897753488,
                                1.0
                            ],
                            "K": [
                                2439.9014,
                                0.0,
                                1937.61133,
                                0.0,
                                2439.9014,
                                1353.51111,
                                0.0,
                                0.0,
                                1.0
                            ],
                            "width": 3856.0,
                            "height": 2176.0
                        }
                    }
                ]
            },
            {
                "index": 13,
                "url": "/200/1377256021498551/velodyne_points/2023-08-28_11-07-19__FCW_MIPI_0484_8e54035c-45ea-4b90-8dbc-0c447d914f54_12_1377256021448551_agg.pcd",
                "points": 234700,
                "pose": [
                    0.0,
                    0.0,
                    0.0,
                    0.0,
                    0.0,
                    0.0,
                    0.0,
                    0.0,
                    1.0
                ],
                "cameras": [
                    {
                        "name": "AVP5-CAMERA-FRONT",
                        "url": "/200/1377256021498551/images/AVP5-CAMERA-FRONT/2023-08-28_11-07-19__FCW_MIPI_0484_8e54035c-45ea-4b90-8dbc-0c447d914f54_FWP_020_287490_1377256021485417.jpg",
                        "params": {
                            "distortionCoefficients": {
                                "k1": -0.3201545,
                                "k2": 0.1133811,
                                "k3": -0.0263848,
                                "k4": 0.0014898
                            },
                            "distortionType": "fisheye",
                            "M": [
                                -0.003825078170790687,
                                -0.027006813429169805,
                                0.9996279311850931,
                                0.0,
                                -0.9999774984280673,
                                -0.005405754395039969,
                                -0.003972462330261357,
                                0.0,
                                0.0055110266314163416,
                                -0.9996206329642374,
                                -0.02698552830028161,
                                0.0,
                                -0.026260453848627754,
                                1.2634479373229228,
                                -2.593584367054494,
                                1.0
                            ],
                            "K": [
                                2439.9014,
                                0.0,
                                1937.61133,
                                0.0,
                                2439.9014,
                                1353.51111,
                                0.0,
                                0.0,
                                1.0
                            ],
                            "width": 3856.0,
                            "height": 2176.0
                        }
                    }
                ]
            },
            {
                "index": 14,
                "url": "/200/1377256021598482/velodyne_points/2023-08-28_11-07-19__FCW_MIPI_0484_8e54035c-45ea-4b90-8dbc-0c447d914f54_13_1377256021548482_agg.pcd",
                "points": 234689,
                "pose": [
                    0.0,
                    0.0,
                    0.0,
                    0.0,
                    0.0,
                    0.0,
                    0.0,
                    0.0,
                    1.0
                ],
                "cameras": [
                    {
                        "name": "AVP5-CAMERA-FRONT",
                        "url": "/200/1377256021598482/images/AVP5-CAMERA-FRONT/2023-08-28_11-07-19__FCW_MIPI_0484_8e54035c-45ea-4b90-8dbc-0c447d914f54_FWP_021_287492_1377256021552047.jpg",
                        "params": {
                            "distortionCoefficients": {
                                "k1": -0.3201545,
                                "k2": 0.1133811,
                                "k3": -0.0263848,
                                "k4": 0.0014898
                            },
                            "distortionType": "fisheye",
                            "M": [
                                -0.003857442778682761,
                                -0.02713440731033191,
                                0.9996243514816582,
                                0.0,
                                -0.9999767977817724,
                                -0.0055079325664100405,
                                -0.004008313480168333,
                                0.0,
                                0.005614626730300765,
                                -0.9996166198191989,
                                -0.027112531197188233,
                                0.0,
                                -0.0285087618345688,
                                1.2633060944013736,
                                -2.625344823307585,
                                1.0
                            ],
                            "K": [
                                2439.9014,
                                0.0,
                                1937.61133,
                                0.0,
                                2439.9014,
                                1353.51111,
                                0.0,
                                0.0,
                                1.0
                            ],
                            "width": 3856.0,
                            "height": 2176.0
                        }
                    }
                ]
            },
            {
                "index": 15,
                "url": "/200/1377256021698393/velodyne_points/2023-08-28_11-07-19__FCW_MIPI_0484_8e54035c-45ea-4b90-8dbc-0c447d914f54_14_1377256021648393_agg.pcd",
                "points": 234488,
                "pose": [
                    0.0,
                    0.0,
                    0.0,
                    0.0,
                    0.0,
                    0.0,
                    0.0,
                    0.0,
                    1.0
                ],
                "cameras": [
                    {
                        "name": "AVP5-CAMERA-FRONT",
                        "url": "/200/1377256021698393/images/AVP5-CAMERA-FRONT/2023-08-28_11-07-19__FCW_MIPI_0484_8e54035c-45ea-4b90-8dbc-0c447d914f54_FWP_023_287496_1377256021685395.jpg",
                        "params": {
                            "distortionCoefficients": {
                                "k1": -0.3201545,
                                "k2": 0.1133811,
                                "k3": -0.0263848,
                                "k4": 0.0014898
                            },
                            "distortionType": "fisheye",
                            "M": [
                                -0.0037870036048885227,
                                -0.027326446249331438,
                                0.9996193895373771,
                                0.0,
                                -0.9999779720624212,
                                -0.005345573222659649,
                                -0.003934493213632642,
                                0.0,
                                0.005451054358883121,
                                -0.9996122699238458,
                                -0.027305600599014785,
                                0.0,
                                -0.03170453807903981,
                                1.2638070555269523,
                                -2.687799039312669,
                                1.0
                            ],
                            "K": [
                                2439.9014,
                                0.0,
                                1937.61133,
                                0.0,
                                2439.9014,
                                1353.51111,
                                0.0,
                                0.0,
                                1.0
                            ],
                            "width": 3856.0,
                            "height": 2176.0
                        }
                    }
                ]
            },
            {
                "index": 16,
                "url": "/200/1377256021798297/velodyne_points/2023-08-28_11-07-19__FCW_MIPI_0484_8e54035c-45ea-4b90-8dbc-0c447d914f54_15_1377256021748297_agg.pcd",
                "points": 234535,
                "pose": [
                    0.0,
                    0.0,
                    0.0,
                    0.0,
                    0.0,
                    0.0,
