calib_AVP5-CAMERA-FRONT_to_velodyne64: -0.005943017605232951 -0.0208525518357448 0.9997648981754065 0.0 -0.9999754711994479 -0.003581749993375389 -0.0060189755296682175 0.0 0.003706418916647236 -0.9997761460191589 -0.020830753944391635 0.0 -0.11691457241645391 1.3434786929388984 -9.391664852580828 1.0
AVP5-CAMERA-FRONT_D: -0.3201545 0.1133811 -0.0263848 0.0014898
AVP5-CAMERA-FRONT_K: 2439.9014 0.0 1937.61133 0.0 2439.9014 1353.51111 0.0 0.0 1.0
AVP5-CAMERA-FRONT_image_width: 3856.0
AVP5-CAMERA-FRONT_image_height: 2176.0
AVP5-CAMERA-FRONT_image_scale: 1
