calib_AVP5-CAMERA-FRONT_to_velodyne64: 0.008906968403773878 -0.01851541151980414 0.9997889004435415 0.0 -0.999398676481861 -0.03367088064839809 0.008279930112332254 0.0 0.03351046642704264 -0.9992614529404272 -0.018804183237471774 0.0 -0.26215016968459703 2.601121804082662 -55.56117746438691 1.0
AVP5-CAMERA-FRONT_D: -0.3201545 0.1133811 -0.0263848 0.0014898
AVP5-CAMERA-FRONT_K: 2439.9014 0.0 1937.61133 0.0 2439.9014 1353.51111 0.0 0.0 1.0
AVP5-CAMERA-FRONT_image_width: 3856.0
AVP5-CAMERA-FRONT_image_height: 2176.0
AVP5-CAMERA-FRONT_image_scale: 1
