calib_AVP5-CAMERA-FRONT_to_velodyne64: -0.004062136980921444 -0.027185535606666106 0.9996221514637048 0.0 -0.9999804018228818 -0.0046517758570869885 -0.004190101612399692 0.0 0.004763928346967697 -0.9996195814584433 -0.027166106668988197 0.0 -0.07862034005472535 1.2399465685015902 -3.089505823975105 1.0
AVP5-CAMERA-FRONT_D: -0.3201545 0.1133811 -0.0263848 0.0014898
AVP5-CAMERA-FRONT_K: 2439.9014 0.0 1937.61133 0.0 2439.9014 1353.51111 0.0 0.0 1.0
AVP5-CAMERA-FRONT_image_width: 3856.0
AVP5-CAMERA-FRONT_image_height: 2176.0
AVP5-CAMERA-FRONT_image_scale: 1
