calib_AVP5-CAMERA-FRONT_to_velodyne64: 0.013645359750144873 -0.018604540324506987 0.9997338021876635 0.0 -0.9995694476936052 -0.026227163425543033 0.013155042232948477 0.0 0.02597543829832192 -0.9994828697771482 -0.01895440917692822 0.0 -0.5125710099153147 2.7258191511066805 -60.24623569220021 1.0
AVP5-CAMERA-FRONT_D: -0.3201545 0.1133811 -0.0263848 0.0014898
AVP5-CAMERA-FRONT_K: 2439.9014 0.0 1937.61133 0.0 2439.9014 1353.51111 0.0 0.0 1.0
AVP5-CAMERA-FRONT_image_width: 3856.0
AVP5-CAMERA-FRONT_image_height: 2176.0
AVP5-CAMERA-FRONT_image_scale: 1
