calib_AVP5-CAMERA-FRONT_to_velodyne64: 0.006399466585169734 -0.016111785430921916 0.9998497173063824 0.0 -0.9998649054151797 -0.015241380603906493 0.006153961031767415 0.0 0.015139938788480837 -0.9997540250919296 -0.01620714552184495 0.0 -0.22601761868546205 1.8989377277357902 -34.17686137947698 1.0
AVP5-CAMERA-FRONT_D: -0.3201545 0.1133811 -0.0263848 0.0014898
AVP5-CAMERA-FRONT_K: 2439.9014 0.0 1937.61133 0.0 2439.9014 1353.51111 0.0 0.0 1.0
AVP5-CAMERA-FRONT_image_width: 3856.0
AVP5-CAMERA-FRONT_image_height: 2176.0
AVP5-CAMERA-FRONT_image_scale: 1
