calib_AVP5-CAMERA-FRONT_to_velodyne64: -0.005785279455641964 -0.013280611261901607 0.9998950724481692 0.0 -0.9999670818232971 -0.005611857199522232 -0.005860232808596527 0.0 0.005689095834920316 -0.9998960608099633 -0.013247707926228956 0.0 -0.12406262737669259 1.2390391243819348 -7.192250220493184 1.0
AVP5-CAMERA-FRONT_D: -0.3201545 0.1133811 -0.0263848 0.0014898
AVP5-CAMERA-FRONT_K: 2439.9014 0.0 1937.61133 0.0 2439.9014 1353.51111 0.0 0.0 1.0
AVP5-CAMERA-FRONT_image_width: 3856.0
AVP5-CAMERA-FRONT_image_height: 2176.0
AVP5-CAMERA-FRONT_image_scale: 1
