calib_AVP5-CAMERA-FRONT_to_velodyne64: -0.0035053959786720138 -0.028192982967662244 0.9995963524895526 0.0 -0.9999744687826221 -0.006125612538704645 -0.0036794909889929428 0.0 0.006226875777235817 -0.9995837296507037 -0.028170790468925476 0.0 -0.018137593636929312 1.2640633196025695 -2.2957161673090463 1.0
AVP5-CAMERA-FRONT_D: -0.3201545 0.1133811 -0.0263848 0.0014898
AVP5-CAMERA-FRONT_K: 2439.9014 0.0 1937.61133 0.0 2439.9014 1353.51111 0.0 0.0 1.0
AVP5-CAMERA-FRONT_image_width: 3856.0
AVP5-CAMERA-FRONT_image_height: 2176.0
AVP5-CAMERA-FRONT_image_scale: 1
