calib_AVP5-CAMERA-FRONT_to_velodyne64: 0.0068413693114098935 -0.019748369272936016 0.9997815749337473 0.0 -0.999632000651961 -0.026380489408554076 0.00631926033037899 0.0 0.02624993216187114 -0.9994568883596857 -0.019921580556578382 0.0 -0.18812902225026396 2.46815335854424 -48.856567846830934 1.0
AVP5-CAMERA-FRONT_D: -0.3201545 0.1133811 -0.0263848 0.0014898
AVP5-CAMERA-FRONT_K: 2439.9014 0.0 1937.61133 0.0 2439.9014 1353.51111 0.0 0.0 1.0
AVP5-CAMERA-FRONT_image_width: 3856.0
AVP5-CAMERA-FRONT_image_height: 2176.0
AVP5-CAMERA-FRONT_image_scale: 1
