calib_AVP5-CAMERA-FRONT_to_velodyne64: -0.004214379076144992 -0.02713507145590504 0.9996228923479518 0.0 -0.9999808352454781 -0.00441922525764045 -0.004335849383731119 0.0 0.004535212316829295 -0.9996220077335258 -0.02711592712846306 0.0 -0.1225442077999639 1.1991502152464324 -3.098014233912976 1.0
AVP5-CAMERA-FRONT_D: -0.3201545 0.1133811 -0.0263848 0.0014898
AVP5-CAMERA-FRONT_K: 2439.9014 0.0 1937.61133 0.0 2439.9014 1353.51111 0.0 0.0 1.0
AVP5-CAMERA-FRONT_image_width: 3856.0
AVP5-CAMERA-FRONT_image_height: 2176.0
AVP5-CAMERA-FRONT_image_scale: 1
