calib_AVP5-CAMERA-FRONT_to_velodyne64: 0.008599120084322249 -0.01819429606804979 0.9997974908572049 0.0 -0.9994416210823989 -0.032440014661572536 0.008005716516541903 0.0 0.03228778688547237 -0.9993080671341272 -0.018463092338316823 0.0 -0.24919389221497945 2.5633092033874574 -54.79798952802457 1.0
AVP5-CAMERA-FRONT_D: -0.3201545 0.1133811 -0.0263848 0.0014898
AVP5-CAMERA-FRONT_K: 2439.9014 0.0 1937.61133 0.0 2439.9014 1353.51111 0.0 0.0 1.0
AVP5-CAMERA-FRONT_image_width: 3856.0
AVP5-CAMERA-FRONT_image_height: 2176.0
AVP5-CAMERA-FRONT_image_scale: 1
