calib_AVP5-CAMERA-FRONT_to_velodyne64: 0.024986039457677148 -0.013281464708198477 0.9995995700916563 0.0 -0.9993784532962925 -0.025205171370886965 0.024645616715229312 0.0 0.02486774857781007 -0.9995940686255442 -0.013902987063999171 0.0 -1.196645507204742 2.6352988968910225 -70.12977378275767 1.0
AVP5-CAMERA-FRONT_D: -0.3201545 0.1133811 -0.0263848 0.0014898
AVP5-CAMERA-FRONT_K: 2439.9014 0.0 1937.61133 0.0 2439.9014 1353.51111 0.0 0.0 1.0
AVP5-CAMERA-FRONT_image_width: 3856.0
AVP5-CAMERA-FRONT_image_height: 2176.0
AVP5-CAMERA-FRONT_image_scale: 1
