calib_AVP5-CAMERA-FRONT_to_velodyne64: -0.0038739296642251765 -0.02798731991492212 0.9996007716048123 0.0 -0.9999811804769653 -0.004646994632565538 -0.004005512798587684 0.0 0.004757242988473361 -0.9995974766699168 -0.027968791076553697 0.0 -0.04780737116152876 1.2600992236645847 -2.9820812406380393 1.0
AVP5-CAMERA-FRONT_D: -0.3201545 0.1133811 -0.0263848 0.0014898
AVP5-CAMERA-FRONT_K: 2439.9014 0.0 1937.61133 0.0 2439.9014 1353.51111 0.0 0.0 1.0
AVP5-CAMERA-FRONT_image_width: 3856.0
AVP5-CAMERA-FRONT_image_height: 2176.0
AVP5-CAMERA-FRONT_image_scale: 1
