calib_AVP5-CAMERA-FRONT_to_velodyne64: -0.0036902501276960525 -0.026958362175523658 0.9996297458373316 0.0 -0.9999834234324415 -0.004318772835746487 -0.00380802593572966 0.0 0.004419831934475659 -0.999627227975512 -0.026941977946403163 0.0 -0.14400396460766035 1.1880666381933611 -3.0984381970514128 1.0
AVP5-CAMERA-FRONT_D: -0.3201545 0.1133811 -0.0263848 0.0014898
AVP5-CAMERA-FRONT_K: 2439.9014 0.0 1937.61133 0.0 2439.9014 1353.51111 0.0 0.0 1.0
AVP5-CAMERA-FRONT_image_width: 3856.0
AVP5-CAMERA-FRONT_image_height: 2176.0
AVP5-CAMERA-FRONT_image_scale: 1
