calib_AVP5-CAMERA-FRONT_to_velodyne64: -0.0034387052606409227 -0.026326821644873048 0.9996474747470777 0.0 -0.9999840287937312 -0.004393191607243427 -0.0035555625378485304 0.0 0.0044852495570421175 -0.9996437357026661 -0.0263112942826833 0.0 -0.1453011714538488 1.1852623881999573 -3.102813729610822 1.0
AVP5-CAMERA-FRONT_D: -0.3201545 0.1133811 -0.0263848 0.0014898
AVP5-CAMERA-FRONT_K: 2439.9014 0.0 1937.61133 0.0 2439.9014 1353.51111 0.0 0.0 1.0
AVP5-CAMERA-FRONT_image_width: 3856.0
AVP5-CAMERA-FRONT_image_height: 2176.0
AVP5-CAMERA-FRONT_image_scale: 1
