calib_AVP5-CAMERA-FRONT_to_velodyne64: 0.010626673692134927 -0.018158628822244574 0.9997786445036404 0.0 -0.9994079552366155 -0.03291260116068245 0.010024953596151116 0.0 0.03272327636420336 -0.9992932627032636 -0.018497629574034054 0.0 -0.34678716563456075 2.6398590600905143 -57.88302584361249 1.0
AVP5-CAMERA-FRONT_D: -0.3201545 0.1133811 -0.0263848 0.0014898
AVP5-CAMERA-FRONT_K: 2439.9014 0.0 1937.61133 0.0 2439.9014 1353.51111 0.0 0.0 1.0
AVP5-CAMERA-FRONT_image_width: 3856.0
AVP5-CAMERA-FRONT_image_height: 2176.0
AVP5-CAMERA-FRONT_image_scale: 1
