calib_AVP5-CAMERA-FRONT_to_velodyne64: -0.003857442778682761 -0.02713440731033191 0.9996243514816582 0.0 -0.9999767977817724 -0.0055079325664100405 -0.004008313480168333 0.0 0.005614626730300765 -0.9996166198191989 -0.027112531197188233 0.0 -0.0285087618345688 1.2633060944013736 -2.625344823307585 1.0
AVP5-CAMERA-FRONT_D: -0.3201545 0.1133811 -0.0263848 0.0014898
AVP5-CAMERA-FRONT_K: 2439.9014 0.0 1937.61133 0.0 2439.9014 1353.51111 0.0 0.0 1.0
AVP5-CAMERA-FRONT_image_width: 3856.0
AVP5-CAMERA-FRONT_image_height: 2176.0
AVP5-CAMERA-FRONT_image_scale: 1
