calib_AVP5-CAMERA-FRONT_to_velodyne64: 0.00629103559267816 -0.015980881392120182 0.9998525062733514 0.0 -0.9998650709860818 -0.015273298225378132 0.0060469978762946455 0.0 0.015174409153865233 -0.9997556390394853 -0.016074809970305824 0.0 -0.21346295088342276 1.9598226672581815 -36.66212410183991 1.0
AVP5-CAMERA-FRONT_D: -0.3201545 0.1133811 -0.0263848 0.0014898
AVP5-CAMERA-FRONT_K: 2439.9014 0.0 1937.61133 0.0 2439.9014 1353.51111 0.0 0.0 1.0
AVP5-CAMERA-FRONT_image_width: 3856.0
AVP5-CAMERA-FRONT_image_height: 2176.0
AVP5-CAMERA-FRONT_image_scale: 1
