calib_AVP5-CAMERA-FRONT_to_velodyne64: -0.0036861883503263746 -0.01759610966810259 0.9998383814097126 0.0 -0.999982856411992 -0.004484068276535614 -0.0037656359097524637 0.0 0.004549604110180197 -0.9998351214356493 -0.017579278887404844 0.0 -0.13878212232744291 1.1888643778793766 -3.973654461847503 1.0
AVP5-CAMERA-FRONT_D: -0.3201545 0.1133811 -0.0263848 0.0014898
AVP5-CAMERA-FRONT_K: 2439.9014 0.0 1937.61133 0.0 2439.9014 1353.51111 0.0 0.0 1.0
AVP5-CAMERA-FRONT_image_width: 3856.0
AVP5-CAMERA-FRONT_image_height: 2176.0
AVP5-CAMERA-FRONT_image_scale: 1
