calib_AVP5-CAMERA-FRONT_to_velodyne64: -0.0038104542528973485 -0.02700171027814765 0.9996281248946737 0.0 -0.9999830469533615 -0.004298519307954547 -0.003927917721883673 0.0 0.004402981291956901 -0.99962614530324 -0.026984873205715815 0.0 -0.14236927610214212 1.1878637807439416 -3.100072329416629 1.0
AVP5-CAMERA-FRONT_D: -0.3201545 0.1133811 -0.0263848 0.0014898
AVP5-CAMERA-FRONT_K: 2439.9014 0.0 1937.61133 0.0 2439.9014 1353.51111 0.0 0.0 1.0
AVP5-CAMERA-FRONT_image_width: 3856.0
AVP5-CAMERA-FRONT_image_height: 2176.0
AVP5-CAMERA-FRONT_image_scale: 1
