calib_AVP5-CAMERA-FRONT_to_velodyne64: -0.0043727840185199185 -0.018085905404179477 0.9998268744065836 0.0 -0.9999671147951155 -0.006749804044867858 -0.004495494821282453 0.0 0.006829940575119878 -0.9998136527228797 -0.01805579521021918 0.0 -0.13546381927761325 1.218340572072584 -5.078755090944409 1.0
AVP5-CAMERA-FRONT_D: -0.3201545 0.1133811 -0.0263848 0.0014898
AVP5-CAMERA-FRONT_K: 2439.9014 0.0 1937.61133 0.0 2439.9014 1353.51111 0.0 0.0 1.0
AVP5-CAMERA-FRONT_image_width: 3856.0
AVP5-CAMERA-FRONT_image_height: 2176.0
AVP5-CAMERA-FRONT_image_scale: 1
