calib_AVP5-CAMERA-FRONT_to_velodyne64: -0.0037936742147604663 -0.027105257349503472 0.9996253863622959 0.0 -0.9999774533582009 -0.005436007639676755 -0.003942409946705642 0.0 0.005540831273263008 -0.9996178043857356 -0.02708402377496124 0.0 -0.02291545838270972 1.262831338414268 -2.5293718897753488 1.0
AVP5-CAMERA-FRONT_D: -0.3201545 0.1133811 -0.0263848 0.0014898
AVP5-CAMERA-FRONT_K: 2439.9014 0.0 1937.61133 0.0 2439.9014 1353.51111 0.0 0.0 1.0
AVP5-CAMERA-FRONT_image_width: 3856.0
AVP5-CAMERA-FRONT_image_height: 2176.0
AVP5-CAMERA-FRONT_image_scale: 1
