calib_AVP5-CAMERA-FRONT_to_velodyne64: -0.004010273421165523 -0.027970291407820067 0.9996007105367866 0.0 -0.9999814984139043 -0.004459976326867883 -0.004136597762181055 0.0 0.004573897350159565 -0.9995988052262395 -0.027951888188542783 0.0 -0.0629420723996024 1.2509001056879046 -3.074975472029449 1.0
AVP5-CAMERA-FRONT_D: -0.3201545 0.1133811 -0.0263848 0.0014898
AVP5-CAMERA-FRONT_K: 2439.9014 0.0 1937.61133 0.0 2439.9014 1353.51111 0.0 0.0 1.0
AVP5-CAMERA-FRONT_image_width: 3856.0
AVP5-CAMERA-FRONT_image_height: 2176.0
AVP5-CAMERA-FRONT_image_scale: 1
