calib_AVP5-CAMERA-FRONT_to_velodyne64: -0.003845965098142503 -0.02803516665468695 0.9995995388069701 0.0 -0.9999810096700124 -0.0047058014012773975 -0.003979413589238381 0.0 0.004815480433596344 -0.9995958607676483 -0.028016535909672798 0.0 -0.046975126306923964 1.2601706012308413 -2.966195698970708 1.0
AVP5-CAMERA-FRONT_D: -0.3201545 0.1133811 -0.0263848 0.0014898
AVP5-CAMERA-FRONT_K: 2439.9014 0.0 1937.61133 0.0 2439.9014 1353.51111 0.0 0.0 1.0
AVP5-CAMERA-FRONT_image_width: 3856.0
AVP5-CAMERA-FRONT_image_height: 2176.0
AVP5-CAMERA-FRONT_image_scale: 1
