calib_AVP5-CAMERA-FRONT_to_velodyne64: -0.006299749924368012 -0.014603648816029423 0.9998735152968842 0.0 -0.9999609638878023 -0.0061029330675830456 -0.006389437263965308 0.0 0.006195470237840896 -0.999874735979078 -0.01456463179422479 0.0 -0.11874786786932569 1.2578723476747273 -7.70843822533215 1.0
AVP5-CAMERA-FRONT_D: -0.3201545 0.1133811 -0.0263848 0.0014898
AVP5-CAMERA-FRONT_K: 2439.9014 0.0 1937.61133 0.0 2439.9014 1353.51111 0.0 0.0 1.0
AVP5-CAMERA-FRONT_image_width: 3856.0
AVP5-CAMERA-FRONT_image_height: 2176.0
AVP5-CAMERA-FRONT_image_scale: 1
