calib_AVP5-CAMERA-FRONT_to_velodyne64: -0.0033169068134835432 -0.02479836055611178 0.9996869707277969 0.0 -0.999984902351421 -0.004297427557395808 -0.003424497862095646 0.0 0.004381004269483095 -0.9996832365455159 -0.024783731992433184 0.0 -0.14407655578502232 1.18767008813465 -3.2453188151115926 1.0
AVP5-CAMERA-FRONT_D: -0.3201545 0.1133811 -0.0263848 0.0014898
AVP5-CAMERA-FRONT_K: 2439.9014 0.0 1937.61133 0.0 2439.9014 1353.51111 0.0 0.0 1.0
AVP5-CAMERA-FRONT_image_width: 3856.0
AVP5-CAMERA-FRONT_image_height: 2176.0
AVP5-CAMERA-FRONT_image_scale: 1
