calib_AVP5-CAMERA-FRONT_to_velodyne64: -0.006546861301039621 -0.020221680991206546 0.9997740855938377 0.0 -0.9999661049317932 -0.004859450508446341 -0.006646407171833014 0.0 0.004992754214136967 -0.9997837112889197 -0.020189181427472013 0.0 -0.11544906079882587 1.3149001828508498 -8.526064150887063 1.0
AVP5-CAMERA-FRONT_D: -0.3201545 0.1133811 -0.0263848 0.0014898
AVP5-CAMERA-FRONT_K: 2439.9014 0.0 1937.61133 0.0 2439.9014 1353.51111 0.0 0.0 1.0
AVP5-CAMERA-FRONT_image_width: 3856.0
AVP5-CAMERA-FRONT_image_height: 2176.0
AVP5-CAMERA-FRONT_image_scale: 1
