calib_AVP5-CAMERA-FRONT_to_velodyne64: -0.003344245366259375 -0.013604629597862896 0.9999018602225096 0.0 -0.9999788841268126 0.005617024754529041 -0.003268077936812496 0.0 -0.005572012511142145 -0.9998916756761264 -0.013623127033237028 0.0 -0.13628011402809218 1.3438663945317593 -12.294903448105805 1.0
AVP5-CAMERA-FRONT_D: -0.3201545 0.1133811 -0.0263848 0.0014898
AVP5-CAMERA-FRONT_K: 2439.9014 0.0 1937.61133 0.0 2439.9014 1353.51111 0.0 0.0 1.0
AVP5-CAMERA-FRONT_image_width: 3856.0
AVP5-CAMERA-FRONT_image_height: 2176.0
AVP5-CAMERA-FRONT_image_scale: 1
