calib_AVP5-CAMERA-FRONT_to_velodyne64: -0.004177360046851292 -0.027093760371424153 0.999624168281247 0.0 -0.9999805760211502 -0.004510877484550828 -0.004301112033857638 0.0 0.004625715452488752 -0.9996227188961121 -0.027074390543415518 0.0 -0.0961034890980815 1.2306254639058936 -3.092218242229513 1.0
AVP5-CAMERA-FRONT_D: -0.3201545 0.1133811 -0.0263848 0.0014898
AVP5-CAMERA-FRONT_K: 2439.9014 0.0 1937.61133 0.0 2439.9014 1353.51111 0.0 0.0 1.0
AVP5-CAMERA-FRONT_image_width: 3856.0
AVP5-CAMERA-FRONT_image_height: 2176.0
AVP5-CAMERA-FRONT_image_scale: 1
