calib_AVP5-CAMERA-FRONT_to_velodyne64: -0.003319851671037116 -0.029628842133378016 0.9995554563398256 0.0 -0.9999715162063687 -0.006677000512386975 -0.0035191533204710634 0.0 0.006778300732315644 -0.9995386682755163 -0.02960583154024458 0.0 -0.017881916618418148 1.266663304688998 -2.1928577335211745 1.0
AVP5-CAMERA-FRONT_D: -0.3201545 0.1133811 -0.0263848 0.0014898
AVP5-CAMERA-FRONT_K: 2439.9014 0.0 1937.61133 0.0 2439.9014 1353.51111 0.0 0.0 1.0
AVP5-CAMERA-FRONT_image_width: 3856.0
AVP5-CAMERA-FRONT_image_height: 2176.0
AVP5-CAMERA-FRONT_image_scale: 1
