calib_AVP5-CAMERA-FRONT_to_velodyne64: -0.003481495792271628 -0.026938274587892313 0.9996310362074974 0.0 -0.9999839900223783 -0.004365439782998728 -0.0036003658738204703 0.0 0.004460816738306344 -0.9996275667956184 -0.02692264504648305 0.0 -0.14610091498803007 1.1869817252936117 -3.100786871251667 1.0
AVP5-CAMERA-FRONT_D: -0.3201545 0.1133811 -0.0263848 0.0014898
AVP5-CAMERA-FRONT_K: 2439.9014 0.0 1937.61133 0.0 2439.9014 1353.51111 0.0 0.0 1.0
AVP5-CAMERA-FRONT_image_width: 3856.0
AVP5-CAMERA-FRONT_image_height: 2176.0
AVP5-CAMERA-FRONT_image_scale: 1
