calib_AVP5-CAMERA-FRONT_to_velodyne64: -0.0032865967638967923 -0.024857561598071162 0.9996856005330423 0.0 -0.9999848001024734 -0.004343904969934103 -0.0033955932660419594 0.0 0.004426945417299715 -0.9996815653601953 -0.024842907101665226 0.0 -0.144179266086572 1.185797563609547 -3.2192974944243904 1.0
AVP5-CAMERA-FRONT_D: -0.3201545 0.1133811 -0.0263848 0.0014898
AVP5-CAMERA-FRONT_K: 2439.9014 0.0 1937.61133 0.0 2439.9014 1353.51111 0.0 0.0 1.0
AVP5-CAMERA-FRONT_image_width: 3856.0
AVP5-CAMERA-FRONT_image_height: 2176.0
AVP5-CAMERA-FRONT_image_scale: 1
