calib_AVP5-CAMERA-FRONT_to_velodyne64: 0.012562218900461088 -0.018506864925451654 0.9997498120064477 0.0 -0.999524750389468 -0.028380549920633907 0.01203402447536783 0.0 0.02815073738231819 -0.9994258553473757 -0.018854592225722118 0.0 -0.4526112540711149 2.6995125620593603 -59.454097834818675 1.0
AVP5-CAMERA-FRONT_D: -0.3201545 0.1133811 -0.0263848 0.0014898
AVP5-CAMERA-FRONT_K: 2439.9014 0.0 1937.61133 0.0 2439.9014 1353.51111 0.0 0.0 1.0
AVP5-CAMERA-FRONT_image_width: 3856.0
AVP5-CAMERA-FRONT_image_height: 2176.0
AVP5-CAMERA-FRONT_image_scale: 1
