calib_AVP5-CAMERA-FRONT_to_velodyne64: -0.005762827351171721 -0.01425100800871932 0.9998818423152085 0.0 -0.9999693248140867 -0.005222067421199753 -0.00583776007622794 0.0 0.005304644359402787 -0.9998848127572416 -0.014220476983434633 0.0 -0.1248230412596612 1.2386574365085636 -6.945596862569121 1.0
AVP5-CAMERA-FRONT_D: -0.3201545 0.1133811 -0.0263848 0.0014898
AVP5-CAMERA-FRONT_K: 2439.9014 0.0 1937.61133 0.0 2439.9014 1353.51111 0.0 0.0 1.0
AVP5-CAMERA-FRONT_image_width: 3856.0
AVP5-CAMERA-FRONT_image_height: 2176.0
AVP5-CAMERA-FRONT_image_scale: 1
