calib_AVP5-CAMERA-FRONT_to_velodyne64: -0.004067885258105231 -0.027110374922241068 0.9996241693161996 0.0 -0.999981866577494 -0.004328711268831237 -0.004186737983450535 0.0 0.004440588442747669 -0.9996230738785129 -0.02709227461760122 0.0 -0.13215380059770387 1.1939635210721324 -3.0995957274202404 1.0
AVP5-CAMERA-FRONT_D: -0.3201545 0.1133811 -0.0263848 0.0014898
AVP5-CAMERA-FRONT_K: 2439.9014 0.0 1937.61133 0.0 2439.9014 1353.51111 0.0 0.0 1.0
AVP5-CAMERA-FRONT_image_width: 3856.0
AVP5-CAMERA-FRONT_image_height: 2176.0
AVP5-CAMERA-FRONT_image_scale: 1
