calib_AVP5-CAMERA-FRONT_to_velodyne64: -0.0036046413968809374 -0.026790987240601298 0.9996345580076118 0.0 -0.9999760578939643 -0.005808139924280072 -0.003761535519812243 0.0 0.0059067926361704715 -0.9996241836376777 -0.026769409546334024 0.0 -0.021097006866551263 1.2626466140462655 -2.3962529700341073 1.0
AVP5-CAMERA-FRONT_D: -0.3201545 0.1133811 -0.0263848 0.0014898
AVP5-CAMERA-FRONT_K: 2439.9014 0.0 1937.61133 0.0 2439.9014 1353.51111 0.0 0.0 1.0
AVP5-CAMERA-FRONT_image_width: 3856.0
AVP5-CAMERA-FRONT_image_height: 2176.0
AVP5-CAMERA-FRONT_image_scale: 1
