calib_AVP5-CAMERA-FRONT_to_velodyne64: -0.003945617804649397 -0.027059817805804597 0.9996260292531679 0.0 -0.9999826464013641 -0.004266478376313754 -0.004062518724678624 0.0 0.0043748138547315355 -0.9996247112904828 -0.027042514327542493 0.0 -0.14044187922813367 1.1897590908962419 -3.0997435090653758 1.0
AVP5-CAMERA-FRONT_D: -0.3201545 0.1133811 -0.0263848 0.0014898
AVP5-CAMERA-FRONT_K: 2439.9014 0.0 1937.61133 0.0 2439.9014 1353.51111 0.0 0.0 1.0
AVP5-CAMERA-FRONT_image_width: 3856.0
AVP5-CAMERA-FRONT_image_height: 2176.0
AVP5-CAMERA-FRONT_image_scale: 1
