calib_AVP5-CAMERA-FRONT_to_velodyne64: -0.003220883000613174 -0.02989580525003692 0.9995478311422359 0.0 -0.9999786817778805 -0.00558115696498417 -0.0033892000095060684 0.0 0.005679956203051968 -0.9995374387762491 -0.029877191671027866 0.0 -0.019752606275998542 1.2624225632090997 -1.9555448200840524 1.0
AVP5-CAMERA-FRONT_D: -0.3201545 0.1133811 -0.0263848 0.0014898
AVP5-CAMERA-FRONT_K: 2439.9014 0.0 1937.61133 0.0 2439.9014 1353.51111 0.0 0.0 1.0
AVP5-CAMERA-FRONT_image_width: 3856.0
AVP5-CAMERA-FRONT_image_height: 2176.0
AVP5-CAMERA-FRONT_image_scale: 1
