calib_AVP5-CAMERA-FRONT_to_velodyne64: 0.00678569742399038 -0.014563772989972901 0.9998709170821831 0.0 -0.9997118593642628 -0.023121931359528083 0.006447831934370453 0.0 0.02302504195259301 -0.9996265666770278 -0.014716475005228864 0.0 -0.19945128290319997 2.149129924058942 -46.01209342675203 1.0
AVP5-CAMERA-FRONT_D: -0.3201545 0.1133811 -0.0263848 0.0014898
AVP5-CAMERA-FRONT_K: 2439.9014 0.0 1937.61133 0.0 2439.9014 1353.51111 0.0 0.0 1.0
AVP5-CAMERA-FRONT_image_width: 3856.0
AVP5-CAMERA-FRONT_image_height: 2176.0
AVP5-CAMERA-FRONT_image_scale: 1
