calib_AVP5-CAMERA-FRONT_to_velodyne64: -0.00328250163846186 -0.024864596320098502 0.9996854390421176 0.0 -0.9999841470871467 -0.004492006963632279 -0.003395209541432834 0.0 0.004575014468288899 -0.9996807358968548 -0.024849457123601787 0.0 -0.14470920121919006 1.1839978104415867 -3.1261186252407698 1.0
AVP5-CAMERA-FRONT_D: -0.3201545 0.1133811 -0.0263848 0.0014898
AVP5-CAMERA-FRONT_K: 2439.9014 0.0 1937.61133 0.0 2439.9014 1353.51111 0.0 0.0 1.0
AVP5-CAMERA-FRONT_image_width: 3856.0
AVP5-CAMERA-FRONT_image_height: 2176.0
AVP5-CAMERA-FRONT_image_scale: 1
