calib_AVP5-CAMERA-FRONT_to_velodyne64: 0.0029855936110833358 -0.017342573914049385 0.9998451486909485 0.0 -0.9998741564887419 -0.015630172460695018 0.002714570827157246 0.0 0.015580674462813922 -0.9997274292720415 -0.01738705680669255 0.0 -0.16560792650953288 1.6830245397102306 -24.047964926701535 1.0
AVP5-CAMERA-FRONT_D: -0.3201545 0.1133811 -0.0263848 0.0014898
AVP5-CAMERA-FRONT_K: 2439.9014 0.0 1937.61133 0.0 2439.9014 1353.51111 0.0 0.0 1.0
AVP5-CAMERA-FRONT_image_width: 3856.0
AVP5-CAMERA-FRONT_image_height: 2176.0
AVP5-CAMERA-FRONT_image_scale: 1
