calib_AVP5-CAMERA-FRONT_to_velodyne64: -0.00408916630321111 -0.02712548991626348 0.9996236724466596 0.0 -0.9999814620931988 -0.004399018840240887 -0.004210000378961906 0.0 0.004511561691070679 -0.9996223569078705 -0.027106998746850765 0.0 -0.12924871348691874 1.1953842866541615 -3.0991215513367707 1.0
AVP5-CAMERA-FRONT_D: -0.3201545 0.1133811 -0.0263848 0.0014898
AVP5-CAMERA-FRONT_K: 2439.9014 0.0 1937.61133 0.0 2439.9014 1353.51111 0.0 0.0 1.0
AVP5-CAMERA-FRONT_image_width: 3856.0
AVP5-CAMERA-FRONT_image_height: 2176.0
AVP5-CAMERA-FRONT_image_scale: 1
