calib_AVP5-CAMERA-FRONT_to_velodyne64: 0.02269364850037765 -0.01552872400755379 0.9996218570281654 0.0 -0.9995757002184479 -0.018614668711434537 0.022403429236675213 0.0 0.01825973303584923 -0.9997061332408941 -0.015944569922037855 0.0 -1.0507183839489516 2.7168551978422766 -67.59665764546284 1.0
AVP5-CAMERA-FRONT_D: -0.3201545 0.1133811 -0.0263848 0.0014898
AVP5-CAMERA-FRONT_K: 2439.9014 0.0 1937.61133 0.0 2439.9014 1353.51111 0.0 0.0 1.0
AVP5-CAMERA-FRONT_image_width: 3856.0
AVP5-CAMERA-FRONT_image_height: 2176.0
AVP5-CAMERA-FRONT_image_scale: 1
