calib_AVP5-CAMERA-FRONT_to_velodyne64: -0.003312282335113863 -0.024016369382689366 0.9997060781986905 0.0 -0.9999856637839376 -0.004126517915550445 -0.003412341789688337 0.0 0.004207257102852754 -0.9997030488357864 -0.02400235688643164 0.0 -0.14178275887033465 1.1878632894784298 -3.345843668464254 1.0
AVP5-CAMERA-FRONT_D: -0.3201545 0.1133811 -0.0263848 0.0014898
AVP5-CAMERA-FRONT_K: 2439.9014 0.0 1937.61133 0.0 2439.9014 1353.51111 0.0 0.0 1.0
AVP5-CAMERA-FRONT_image_width: 3856.0
AVP5-CAMERA-FRONT_image_height: 2176.0
AVP5-CAMERA-FRONT_image_scale: 1
