calib_AVP5-CAMERA-FRONT_to_velodyne64: 0.0037149080908626107 -0.021995726616830483 0.9997511627742544 0.0 -0.9998415771460633 -0.01748508044710896 0.0033305512802735975 0.0 0.01740747161275437 -0.9996051520337196 -0.022057197457867765 0.0 -0.17519605455181853 1.8395073445948382 -25.609810362351777 1.0
AVP5-CAMERA-FRONT_D: -0.3201545 0.1133811 -0.0263848 0.0014898
AVP5-CAMERA-FRONT_K: 2439.9014 0.0 1937.61133 0.0 2439.9014 1353.51111 0.0 0.0 1.0
AVP5-CAMERA-FRONT_image_width: 3856.0
AVP5-CAMERA-FRONT_image_height: 2176.0
AVP5-CAMERA-FRONT_image_scale: 1
