calib_AVP5-CAMERA-FRONT_to_velodyne64: -0.0033062237665639517 -0.02502720452530037 0.9996813031751935 0.0 -0.9999841165971456 -0.004480435209516039 -0.0034193937707683985 0.0 0.004564585176294615 -0.9996767301152817 -0.025011993686754306 0.0 -0.14499142614630067 1.1842367848836477 -3.11541674133198 1.0
AVP5-CAMERA-FRONT_D: -0.3201545 0.1133811 -0.0263848 0.0014898
AVP5-CAMERA-FRONT_K: 2439.9014 0.0 1937.61133 0.0 2439.9014 1353.51111 0.0 0.0 1.0
AVP5-CAMERA-FRONT_image_width: 3856.0
AVP5-CAMERA-FRONT_image_height: 2176.0
AVP5-CAMERA-FRONT_image_scale: 1
