calib_AVP5-CAMERA-FRONT_to_velodyne64: 0.001819719163562254 -0.01516447670076643 0.9998833568314643 0.0 -0.9999851427663827 -0.005165384607588897 0.001741564914687067 0.0 0.005138372180189959 -0.9998716704898921 -0.015173650947950989 0.0 -0.18374160091777747 1.463369043904493 -16.983364351028488 1.0
AVP5-CAMERA-FRONT_D: -0.3201545 0.1133811 -0.0263848 0.0014898
AVP5-CAMERA-FRONT_K: 2439.9014 0.0 1937.61133 0.0 2439.9014 1353.51111 0.0 0.0 1.0
AVP5-CAMERA-FRONT_image_width: 3856.0
AVP5-CAMERA-FRONT_image_height: 2176.0
AVP5-CAMERA-FRONT_image_scale: 1
