calib_AVP5-CAMERA-FRONT_to_velodyne64: 0.006805850480628172 -0.02120474085246054 0.9997519889275616 0.0 -0.9996386611689168 -0.026143400276036018 0.006250577447131472 0.0 0.026004374548351746 -0.9994332802080321 -0.021375006829521377 0.0 -0.19039920113859093 2.518599542003126 -48.133758716901994 1.0
AVP5-CAMERA-FRONT_D: -0.3201545 0.1133811 -0.0263848 0.0014898
AVP5-CAMERA-FRONT_K: 2439.9014 0.0 1937.61133 0.0 2439.9014 1353.51111 0.0 0.0 1.0
AVP5-CAMERA-FRONT_image_width: 3856.0
AVP5-CAMERA-FRONT_image_height: 2176.0
AVP5-CAMERA-FRONT_image_scale: 1
