calib_AVP5-CAMERA-FRONT_to_velodyne64: -0.004098030443240024 -0.027125728359966773 0.9996236296764033 0.0 -0.9999815305121198 -0.004375518001328764 -0.004218231484603512 0.0 0.004488293787613557 -0.9996224535809315 -0.027107296355681196 0.0 -0.13036437902752424 1.1951404423327194 -3.09879973692803 1.0
AVP5-CAMERA-FRONT_D: -0.3201545 0.1133811 -0.0263848 0.0014898
AVP5-CAMERA-FRONT_K: 2439.9014 0.0 1937.61133 0.0 2439.9014 1353.51111 0.0 0.0 1.0
AVP5-CAMERA-FRONT_image_width: 3856.0
AVP5-CAMERA-FRONT_image_height: 2176.0
AVP5-CAMERA-FRONT_image_scale: 1
