calib_AVP5-CAMERA-FRONT_to_velodyne64: -0.0037870036048885227 -0.027326446249331438 0.9996193895373771 0.0 -0.9999779720624212 -0.005345573222659649 -0.003934493213632642 0.0 0.005451054358883121 -0.9996122699238458 -0.027305600599014785 0.0 -0.03170453807903981 1.2638070555269523 -2.687799039312669 1.0
AVP5-CAMERA-FRONT_D: -0.3201545 0.1133811 -0.0263848 0.0014898
AVP5-CAMERA-FRONT_K: 2439.9014 0.0 1937.61133 0.0 2439.9014 1353.51111 0.0 0.0 1.0
AVP5-CAMERA-FRONT_image_width: 3856.0
AVP5-CAMERA-FRONT_image_height: 2176.0
AVP5-CAMERA-FRONT_image_scale: 1
