calib_AVP5-CAMERA-FRONT_to_velodyne64: -0.0036641287465921713 -0.015074234353424792 0.9998796635691645 0.0 -0.999987497183128 0.003457756885499094 -0.00361239459970521 0.0 -0.003402886708603751 -0.9998803985357342 -0.015086715549436061 0.0 -0.13461248446156393 1.3463408102556027 -11.605727899036578 1.0
AVP5-CAMERA-FRONT_D: -0.3201545 0.1133811 -0.0263848 0.0014898
AVP5-CAMERA-FRONT_K: 2439.9014 0.0 1937.61133 0.0 2439.9014 1353.51111 0.0 0.0 1.0
AVP5-CAMERA-FRONT_image_width: 3856.0
AVP5-CAMERA-FRONT_image_height: 2176.0
AVP5-CAMERA-FRONT_image_scale: 1
