calib_AVP5-CAMERA-FRONT_to_velodyne64: -0.0036215239634851916 -0.0269581494353809 0.9996300029226819 0.0 -0.9999836632993946 -0.004323201109930179 -0.0037393938660946 0.0 0.004422408676794811 -0.9996272145711032 -0.026942052451746103 0.0 -0.14619927618815676 1.1879949636355351 -3.0982119556360046 1.0
AVP5-CAMERA-FRONT_D: -0.3201545 0.1133811 -0.0263848 0.0014898
AVP5-CAMERA-FRONT_K: 2439.9014 0.0 1937.61133 0.0 2439.9014 1353.51111 0.0 0.0 1.0
AVP5-CAMERA-FRONT_image_width: 3856.0
AVP5-CAMERA-FRONT_image_height: 2176.0
AVP5-CAMERA-FRONT_image_scale: 1
