calib_AVP5-CAMERA-FRONT_to_velodyne64: 0.009914334462272233 -0.01814971903381082 0.9997861239641022 0.0 -0.9993648413073815 -0.034404823250658974 0.00928558537534064 0.0 0.034228934117819514 -0.9992431615157967 -0.018479292006820292 0.0 -0.3100204537205602 2.6204553622667826 -57.10339421654429 1.0
AVP5-CAMERA-FRONT_D: -0.3201545 0.1133811 -0.0263848 0.0014898
AVP5-CAMERA-FRONT_K: 2439.9014 0.0 1937.61133 0.0 2439.9014 1353.51111 0.0 0.0 1.0
AVP5-CAMERA-FRONT_image_width: 3856.0
AVP5-CAMERA-FRONT_image_height: 2176.0
AVP5-CAMERA-FRONT_image_scale: 1
