calib_AVP5-CAMERA-FRONT_to_velodyne64: -0.004153943936205611 -0.027140270970754478 0.9996230041577715 0.0 -0.9999811321299302 -0.004411131179802111 -0.0042751965869765535 0.0 0.004525498195511631 -0.9996219023277495 -0.027121435300031985 0.0 -0.1256255822550586 1.1971020370835563 -3.0982419966839183 1.0
AVP5-CAMERA-FRONT_D: -0.3201545 0.1133811 -0.0263848 0.0014898
AVP5-CAMERA-FRONT_K: 2439.9014 0.0 1937.61133 0.0 2439.9014 1353.51111 0.0 0.0 1.0
AVP5-CAMERA-FRONT_image_width: 3856.0
AVP5-CAMERA-FRONT_image_height: 2176.0
AVP5-CAMERA-FRONT_image_scale: 1
