calib_AVP5-CAMERA-FRONT_to_velodyne64: -0.004151309467216624 -0.027202541699115512 0.999621322479075 0.0 -0.9999803414679691 -0.0045846635034547155 -0.004277562175335827 0.0 0.004699287957890126 -0.9996194288756437 -0.027182974580072287 0.0 -0.09142054827628099 1.2345128051533083 -3.0892077164638154 1.0
AVP5-CAMERA-FRONT_D: -0.3201545 0.1133811 -0.0263848 0.0014898
AVP5-CAMERA-FRONT_K: 2439.9014 0.0 1937.61133 0.0 2439.9014 1353.51111 0.0 0.0 1.0
AVP5-CAMERA-FRONT_image_width: 3856.0
AVP5-CAMERA-FRONT_image_height: 2176.0
AVP5-CAMERA-FRONT_image_scale: 1
