calib_AVP5-CAMERA-FRONT_to_velodyne64: 0.002398885248527275 -0.0184408301924891 0.9998270756142664 0.0 -0.9999454729149174 -0.010206027103265005 0.0022109291551219885 0.0 0.010163490863180205 -0.9997778617235827 -0.01846430775563627 0.0 -0.18111556858233135 1.5674013444385866 -18.737511082294088 1.0
AVP5-CAMERA-FRONT_D: -0.3201545 0.1133811 -0.0263848 0.0014898
AVP5-CAMERA-FRONT_K: 2439.9014 0.0 1937.61133 0.0 2439.9014 1353.51111 0.0 0.0 1.0
AVP5-CAMERA-FRONT_image_width: 3856.0
AVP5-CAMERA-FRONT_image_height: 2176.0
AVP5-CAMERA-FRONT_image_scale: 1
