calib_AVP5-CAMERA-FRONT_to_velodyne64: 0.01974848864317334 -0.017543298916063144 0.9996510540480872 0.0 -0.999650111135825 -0.01794413612665521 0.01943356078541965 0.0 0.017596945827131186 -0.9996850707306826 -0.01789153027964031 0.0 -0.8670088074920081 2.783697130212536 -65.1030877290712 1.0
AVP5-CAMERA-FRONT_D: -0.3201545 0.1133811 -0.0263848 0.0014898
AVP5-CAMERA-FRONT_K: 2439.9014 0.0 1937.61133 0.0 2439.9014 1353.51111 0.0 0.0 1.0
AVP5-CAMERA-FRONT_image_width: 3856.0
AVP5-CAMERA-FRONT_image_height: 2176.0
AVP5-CAMERA-FRONT_image_scale: 1
