calib_AVP5-CAMERA-FRONT_to_velodyne64: -0.003972643576784651 -0.027077304635406547 0.9996254486940059 0.0 -0.9999824361161993 -0.0042892127158915124 -0.0040902461281179005 0.0 0.004398359026111971 -0.9996241404787897 -0.02705978953942903 0.0 -0.13967523018597333 1.1912996502017108 -3.0993833822992354 1.0
AVP5-CAMERA-FRONT_D: -0.3201545 0.1133811 -0.0263848 0.0014898
AVP5-CAMERA-FRONT_K: 2439.9014 0.0 1937.61133 0.0 2439.9014 1353.51111 0.0 0.0 1.0
AVP5-CAMERA-FRONT_image_width: 3856.0
AVP5-CAMERA-FRONT_image_height: 2176.0
AVP5-CAMERA-FRONT_image_scale: 1
