calib_AVP5-CAMERA-FRONT_to_velodyne64: -0.004089205118241536 -0.027184435985708983 0.9996220710056573 0.0 -0.9999802973970926 -0.004649807572938807 -0.004217120718761604 0.0 0.004762690324062102 -0.9996196205205626 -0.027164886364635384 0.0 -0.08455009603564222 1.2373258102222564 -3.089405600734607 1.0
AVP5-CAMERA-FRONT_D: -0.3201545 0.1133811 -0.0263848 0.0014898
AVP5-CAMERA-FRONT_K: 2439.9014 0.0 1937.61133 0.0 2439.9014 1353.51111 0.0 0.0 1.0
AVP5-CAMERA-FRONT_image_width: 3856.0
AVP5-CAMERA-FRONT_image_height: 2176.0
AVP5-CAMERA-FRONT_image_scale: 1
