calib_AVP5-CAMERA-FRONT_to_velodyne64: -0.003573504508880285 -0.019371026382312362 0.9998059778789183 0.0 -0.9999851071715764 -0.004055014942972605 -0.003652709797234348 0.0 0.00412498491822155 -0.9998041409149634 -0.019356247278757763 0.0 -0.13976707037105407 1.1844751372086482 -3.6215506601155494 1.0
AVP5-CAMERA-FRONT_D: -0.3201545 0.1133811 -0.0263848 0.0014898
AVP5-CAMERA-FRONT_K: 2439.9014 0.0 1937.61133 0.0 2439.9014 1353.51111 0.0 0.0 1.0
AVP5-CAMERA-FRONT_image_width: 3856.0
AVP5-CAMERA-FRONT_image_height: 2176.0
AVP5-CAMERA-FRONT_image_scale: 1
