calib_AVP5-CAMERA-FRONT_to_velodyne64: -0.0041643973605925404 -0.027287112400621538 0.999618963051151 0.0 -0.9999801363626116 -0.004615889682499153 -0.004291904315233717 0.0 0.004731244533440847 -0.9996169801775452 -0.027267347980504834 0.0 -0.0923917994914716 1.233681961368557 -3.091284876299814 1.0
AVP5-CAMERA-FRONT_D: -0.3201545 0.1133811 -0.0263848 0.0014898
AVP5-CAMERA-FRONT_K: 2439.9014 0.0 1937.61133 0.0 2439.9014 1353.51111 0.0 0.0 1.0
AVP5-CAMERA-FRONT_image_width: 3856.0
AVP5-CAMERA-FRONT_image_height: 2176.0
AVP5-CAMERA-FRONT_image_scale: 1
