calib_AVP5-CAMERA-FRONT_to_velodyne64: -0.0033966012226169197 -0.02932797309364212 0.9995640715303611 0.0 -0.9999716206743106 -0.006622184449332977 -0.003592286056478901 0.0 0.006724652119409432 -0.9995479061392394 -0.029304647865744868 0.0 -0.018029251890758987 1.2665718806101471 -2.22844297714828 1.0
AVP5-CAMERA-FRONT_D: -0.3201545 0.1133811 -0.0263848 0.0014898
AVP5-CAMERA-FRONT_K: 2439.9014 0.0 1937.61133 0.0 2439.9014 1353.51111 0.0 0.0 1.0
AVP5-CAMERA-FRONT_image_width: 3856.0
AVP5-CAMERA-FRONT_image_height: 2176.0
AVP5-CAMERA-FRONT_image_scale: 1
