calib_AVP5-CAMERA-FRONT_to_velodyne64: 0.0031518000722576757 -0.0193673097242963 0.999807468200927 0.0 -0.9998671508403313 -0.016050200612510047 0.002841079149947072 0.0 0.01599208637866241 -0.9996835991324163 -0.019415323816924623 0.0 -0.16615049049832692 1.7459961875716958 -24.56254267589379 1.0
AVP5-CAMERA-FRONT_D: -0.3201545 0.1133811 -0.0263848 0.0014898
AVP5-CAMERA-FRONT_K: 2439.9014 0.0 1937.61133 0.0 2439.9014 1353.51111 0.0 0.0 1.0
AVP5-CAMERA-FRONT_image_width: 3856.0
AVP5-CAMERA-FRONT_image_height: 2176.0
AVP5-CAMERA-FRONT_image_scale: 1
