calib_AVP5-CAMERA-FRONT_to_velodyne64: 0.006649094667756 -0.016053073713091105 0.9998490327866806 0.0 -0.99979267185763 -0.019350518816665295 0.006338037654242144 0.0 0.019245852537103408 -0.9996838781564339 -0.016178408890621027 0.0 -0.20358361713524303 2.1619974951450454 -43.92265453510847 1.0
AVP5-CAMERA-FRONT_D: -0.3201545 0.1133811 -0.0263848 0.0014898
AVP5-CAMERA-FRONT_K: 2439.9014 0.0 1937.61133 0.0 2439.9014 1353.51111 0.0 0.0 1.0
AVP5-CAMERA-FRONT_image_width: 3856.0
AVP5-CAMERA-FRONT_image_height: 2176.0
AVP5-CAMERA-FRONT_image_scale: 1
