calib_AVP5-CAMERA-FRONT_to_velodyne64: 0.021691670736546962 -0.016517678724012816 0.9996282497559917 0.0 -0.9996093662443062 -0.017983526179695487 0.021394104393507373 0.0 0.01762345985649015 -0.9997018350866995 -0.016901319089709526 0.0 -0.9861810737333115 2.760421218212489 -66.7602148744063 1.0
AVP5-CAMERA-FRONT_D: -0.3201545 0.1133811 -0.0263848 0.0014898
AVP5-CAMERA-FRONT_K: 2439.9014 0.0 1937.61133 0.0 2439.9014 1353.51111 0.0 0.0 1.0
AVP5-CAMERA-FRONT_image_width: 3856.0
AVP5-CAMERA-FRONT_image_height: 2176.0
AVP5-CAMERA-FRONT_image_scale: 1
