calib_AVP5-CAMERA-FRONT_to_velodyne64: -0.0037254804738252184 -0.018644952342020408 0.9998192269342506 0.0 -0.9999841728392637 -0.0041458600212144064 -0.003803408426360736 0.0 0.00421602493023498 -0.9998175721584656 -0.01862921192480651 0.0 -0.1387995489823315 1.1841579409576015 -3.6984373789392277 1.0
AVP5-CAMERA-FRONT_D: -0.3201545 0.1133811 -0.0263848 0.0014898
AVP5-CAMERA-FRONT_K: 2439.9014 0.0 1937.61133 0.0 2439.9014 1353.51111 0.0 0.0 1.0
AVP5-CAMERA-FRONT_image_width: 3856.0
AVP5-CAMERA-FRONT_image_height: 2176.0
AVP5-CAMERA-FRONT_image_scale: 1
