calib_AVP5-CAMERA-FRONT_to_velodyne64: -0.00373542152334309 -0.01779590247835524 0.999834662572279 0.0 -0.9999831110676329 -0.004385289117307286 -0.0038140292153123604 0.0 0.004452438156850156 -0.9998320234391066 -0.01777922102120698 0.0 -0.13879080278744732 1.1871197725345168 -3.8728997511682977 1.0
AVP5-CAMERA-FRONT_D: -0.3201545 0.1133811 -0.0263848 0.0014898
AVP5-CAMERA-FRONT_K: 2439.9014 0.0 1937.61133 0.0 2439.9014 1353.51111 0.0 0.0 1.0
AVP5-CAMERA-FRONT_image_width: 3856.0
AVP5-CAMERA-FRONT_image_height: 2176.0
AVP5-CAMERA-FRONT_image_scale: 1
