calib_AVP5-CAMERA-FRONT_to_velodyne64: -0.0033547355723048435 -0.024970729917661607 0.9996825538122681 0.0 -0.9999841342285959 -0.004440000995212545 -0.003466652888266339 0.0 0.00452515638681431 -0.9996783227811542 -0.024955438708489222 0.0 -0.1444650670056759 1.1856850970776167 -3.174089258885793 1.0
AVP5-CAMERA-FRONT_D: -0.3201545 0.1133811 -0.0263848 0.0014898
AVP5-CAMERA-FRONT_K: 2439.9014 0.0 1937.61133 0.0 2439.9014 1353.51111 0.0 0.0 1.0
AVP5-CAMERA-FRONT_image_width: 3856.0
AVP5-CAMERA-FRONT_image_height: 2176.0
AVP5-CAMERA-FRONT_image_scale: 1
