calib_AVP5-CAMERA-FRONT_to_velodyne64: 0.002040294842550165 -0.017613895848351723 0.9998427815761826 0.0 -0.9999394403606049 -0.010848752459573955 0.0018493732426689805 0.0 0.010814472168130819 -0.999786004724568 -0.01763496381086217 0.0 -0.1693554911537865 1.5750691499605425 -19.651751876714727 1.0
AVP5-CAMERA-FRONT_D: -0.3201545 0.1133811 -0.0263848 0.0014898
AVP5-CAMERA-FRONT_K: 2439.9014 0.0 1937.61133 0.0 2439.9014 1353.51111 0.0 0.0 1.0
AVP5-CAMERA-FRONT_image_width: 3856.0
AVP5-CAMERA-FRONT_image_height: 2176.0
AVP5-CAMERA-FRONT_image_scale: 1
