calib_AVP5-CAMERA-FRONT_to_velodyne64: -0.0039546124527665 -0.02802566094495425 0.9995993814368564 0.0 -0.9999811741750664 -0.004579094053186357 -0.004084506470407803 0.0 0.004691730576573433 -0.9995967157940496 -0.028007024796402522 0.0 -0.0531410066505403 1.2561619684314687 -3.0239897976152 1.0
AVP5-CAMERA-FRONT_D: -0.3201545 0.1133811 -0.0263848 0.0014898
AVP5-CAMERA-FRONT_K: 2439.9014 0.0 1937.61133 0.0 2439.9014 1353.51111 0.0 0.0 1.0
AVP5-CAMERA-FRONT_image_width: 3856.0
AVP5-CAMERA-FRONT_image_height: 2176.0
AVP5-CAMERA-FRONT_image_scale: 1
