calib_AVP5-CAMERA-FRONT_to_velodyne64: 0.0021212962983749657 -0.015126563151171342 0.9998833367894715 0.0 -0.9998852266449143 -0.015031523067769104 0.0018938984954176262 0.0 0.015001121266836085 -0.9997725943440822 -0.015156713339010145 0.0 -0.15947588543250468 1.572884911543226 -21.54848400047698 1.0
AVP5-CAMERA-FRONT_D: -0.3201545 0.1133811 -0.0263848 0.0014898
AVP5-CAMERA-FRONT_K: 2439.9014 0.0 1937.61133 0.0 2439.9014 1353.51111 0.0 0.0 1.0
AVP5-CAMERA-FRONT_image_width: 3856.0
AVP5-CAMERA-FRONT_image_height: 2176.0
AVP5-CAMERA-FRONT_image_scale: 1
