calib_AVP5-CAMERA-FRONT_to_velodyne64: 0.002167195798418678 -0.016595129693763814 0.9998599426583794 0.0 -0.9999268092892359 -0.01193726378247025 0.0019692125418327234 0.0 0.011902912543512398 -0.9997910298676592 -0.01661978547234028 0.0 -0.1693738401639549 1.565964075233731 -20.11800061117868 1.0
AVP5-CAMERA-FRONT_D: -0.3201545 0.1133811 -0.0263848 0.0014898
AVP5-CAMERA-FRONT_K: 2439.9014 0.0 1937.61133 0.0 2439.9014 1353.51111 0.0 0.0 1.0
AVP5-CAMERA-FRONT_image_width: 3856.0
AVP5-CAMERA-FRONT_image_height: 2176.0
AVP5-CAMERA-FRONT_image_scale: 1
