calib_AVP5-CAMERA-FRONT_to_velodyne64: -0.0034941981745569436 -0.022282722464068146 0.9997456030704542 0.0 -0.9999854473390483 -0.004031581049764644 -0.003584893912302987 0.0 0.0041104366240353836 -0.9997435804414193 -0.022268311048018363 0.0 -0.14076804182956987 1.1858547017554728 -3.4372727897703967 1.0
AVP5-CAMERA-FRONT_D: -0.3201545 0.1133811 -0.0263848 0.0014898
AVP5-CAMERA-FRONT_K: 2439.9014 0.0 1937.61133 0.0 2439.9014 1353.51111 0.0 0.0 1.0
AVP5-CAMERA-FRONT_image_width: 3856.0
AVP5-CAMERA-FRONT_image_height: 2176.0
AVP5-CAMERA-FRONT_image_scale: 1
