calib_AVP5-CAMERA-FRONT_to_velodyne64: -0.0063642883178200845 -0.021076153490460183 0.9997576164192267 0.0 -0.9999701203547713 -0.004252942415523028 -0.0064552984806394 0.0 0.004387964433716263 -0.9997688273970422 -0.02104845679073961 0.0 -0.11593592305119108 1.328107781012934 -8.809610565439872 1.0
AVP5-CAMERA-FRONT_D: -0.3201545 0.1133811 -0.0263848 0.0014898
AVP5-CAMERA-FRONT_K: 2439.9014 0.0 1937.61133 0.0 2439.9014 1353.51111 0.0 0.0 1.0
AVP5-CAMERA-FRONT_image_width: 3856.0
AVP5-CAMERA-FRONT_image_height: 2176.0
AVP5-CAMERA-FRONT_image_scale: 1
