calib_AVP5-CAMERA-FRONT_to_velodyne64: -0.004672564892747132 -0.01832860337781393 0.9998210987149359 0.0 -0.9999604836069468 -0.007476131860370838 -0.0048102678686084725 0.0 0.007562959862678517 -0.999804065680184 -0.0182929463862544 0.0 -0.13288791846695538 1.22383272773472 -5.253991706666024 1.0
AVP5-CAMERA-FRONT_D: -0.3201545 0.1133811 -0.0263848 0.0014898
AVP5-CAMERA-FRONT_K: 2439.9014 0.0 1937.61133 0.0 2439.9014 1353.51111 0.0 0.0 1.0
AVP5-CAMERA-FRONT_image_width: 3856.0
AVP5-CAMERA-FRONT_image_height: 2176.0
AVP5-CAMERA-FRONT_image_scale: 1
