calib_AVP5-CAMERA-FRONT_to_velodyne64: 0.006275189078805503 -0.013985430664307408 0.99988250796339 0.0 -0.9998533447318513 -0.01602109302901327 0.006050917838204919 0.0 0.015934585986282983 -0.999773840579603 -0.014083915015229334 0.0 -0.22566846846294175 1.7969948111073322 -32.96641408858232 1.0
AVP5-CAMERA-FRONT_D: -0.3201545 0.1133811 -0.0263848 0.0014898
AVP5-CAMERA-FRONT_K: 2439.9014 0.0 1937.61133 0.0 2439.9014 1353.51111 0.0 0.0 1.0
AVP5-CAMERA-FRONT_image_width: 3856.0
AVP5-CAMERA-FRONT_image_height: 2176.0
AVP5-CAMERA-FRONT_image_scale: 1
