calib_AVP5-CAMERA-FRONT_to_velodyne64: -0.003642456677756097 -0.02686775498818587 0.9996323605462384 0.0 -0.9999769867101054 -0.005623617413737175 -0.0037948619686455193 0.0 0.005723509371690618 -0.9996231783372564 -0.026846652889949685 0.0 -0.021174320217336545 1.261829901138147 -2.4288060136697096 1.0
AVP5-CAMERA-FRONT_D: -0.3201545 0.1133811 -0.0263848 0.0014898
AVP5-CAMERA-FRONT_K: 2439.9014 0.0 1937.61133 0.0 2439.9014 1353.51111 0.0 0.0 1.0
AVP5-CAMERA-FRONT_image_width: 3856.0
AVP5-CAMERA-FRONT_image_height: 2176.0
AVP5-CAMERA-FRONT_image_scale: 1
