calib_AVP5-CAMERA-FRONT_to_velodyne64: -0.004116591816196659 -0.01753345275754881 0.9998378026991265 0.0 -0.9999733271388253 -0.005960078383397172 -0.004221667510756682 0.0 0.006033132082628362 -0.9998285130461436 -0.01750844988030049 0.0 -0.13726428701863175 1.2071538525913574 -4.75343676418521 1.0
AVP5-CAMERA-FRONT_D: -0.3201545 0.1133811 -0.0263848 0.0014898
AVP5-CAMERA-FRONT_K: 2439.9014 0.0 1937.61133 0.0 2439.9014 1353.51111 0.0 0.0 1.0
AVP5-CAMERA-FRONT_image_width: 3856.0
AVP5-CAMERA-FRONT_image_height: 2176.0
AVP5-CAMERA-FRONT_image_scale: 1
