calib_AVP5-CAMERA-FRONT_to_velodyne64: -0.003780404490880613 -0.027060915323381 0.9996266380022821 0.0 -0.9999776082090099 -0.005417638825849686 -0.00392839281896312 0.0 0.005521921990825732 -0.999619105485391 -0.02703982851487385 0.0 -0.022096187668881412 1.2624989149680639 -2.496575064515433 1.0
AVP5-CAMERA-FRONT_D: -0.3201545 0.1133811 -0.0263848 0.0014898
AVP5-CAMERA-FRONT_K: 2439.9014 0.0 1937.61133 0.0 2439.9014 1353.51111 0.0 0.0 1.0
AVP5-CAMERA-FRONT_image_width: 3856.0
AVP5-CAMERA-FRONT_image_height: 2176.0
AVP5-CAMERA-FRONT_image_scale: 1
