calib_AVP5-CAMERA-FRONT_to_velodyne64: -0.0039975389352120095 -0.027927734546773976 0.9996019514414457 0.0 -0.9999811282716321 -0.004551635529465305 -0.004126222800601747 0.0 0.004665059812559829 -0.9995995819612431 -0.027909012161905732 0.0 -0.058351786700253545 1.2535059300554607 -3.0545597752505644 1.0
AVP5-CAMERA-FRONT_D: -0.3201545 0.1133811 -0.0263848 0.0014898
AVP5-CAMERA-FRONT_K: 2439.9014 0.0 1937.61133 0.0 2439.9014 1353.51111 0.0 0.0 1.0
AVP5-CAMERA-FRONT_image_width: 3856.0
AVP5-CAMERA-FRONT_image_height: 2176.0
AVP5-CAMERA-FRONT_image_scale: 1
