calib_AVP5-CAMERA-FRONT_to_velodyne64: 0.004657548151643621 -0.019122115463232368 0.9998063072142653 0.0 -0.9997704800079726 -0.02099703568015571 0.0042557957274973815 0.0 0.020911588888533554 -0.9995966532521292 -0.019215521260165788 0.0 -0.1866085009661213 1.8603654676071817 -29.453496826399235 1.0
AVP5-CAMERA-FRONT_D: -0.3201545 0.1133811 -0.0263848 0.0014898
AVP5-CAMERA-FRONT_K: 2439.9014 0.0 1937.61133 0.0 2439.9014 1353.51111 0.0 0.0 1.0
AVP5-CAMERA-FRONT_image_width: 3856.0
AVP5-CAMERA-FRONT_image_height: 2176.0
AVP5-CAMERA-FRONT_image_scale: 1
