calib_AVP5-CAMERA-FRONT_to_velodyne64: -0.004017310831815295 -0.0275923126979048 0.9996111871591179 0.0 -0.9999813700339666 -0.004483177650543768 -0.00414254790488444 0.0 0.0045957370106629435 -0.9996092063392247 -0.027573788335919967 0.0 -0.07425473997975879 1.2438523110262236 -3.086877727563952 1.0
AVP5-CAMERA-FRONT_D: -0.3201545 0.1133811 -0.0263848 0.0014898
AVP5-CAMERA-FRONT_K: 2439.9014 0.0 1937.61133 0.0 2439.9014 1353.51111 0.0 0.0 1.0
AVP5-CAMERA-FRONT_image_width: 3856.0
AVP5-CAMERA-FRONT_image_height: 2176.0
AVP5-CAMERA-FRONT_image_scale: 1
