calib_AVP5-CAMERA-FRONT_to_velodyne64: 0.002620613321658298 -0.014286096266432024 0.9998945143560314 0.0 -0.9998787537009072 -0.015385522352088545 0.0024007497731962125 0.0 0.015349602057983986 -0.9997795722835205 -0.014324683634967769 0.0 -0.16474068636670886 1.5780975822494725 -22.532537620986293 1.0
AVP5-CAMERA-FRONT_D: -0.3201545 0.1133811 -0.0263848 0.0014898
AVP5-CAMERA-FRONT_K: 2439.9014 0.0 1937.61133 0.0 2439.9014 1353.51111 0.0 0.0 1.0
AVP5-CAMERA-FRONT_image_width: 3856.0
AVP5-CAMERA-FRONT_image_height: 2176.0
AVP5-CAMERA-FRONT_image_scale: 1
