calib_AVP5-CAMERA-FRONT_to_velodyne64: 0.004099024291878472 -0.02204711685775008 0.9997485297004015 0.0 -0.9998138553994148 -0.018939381300991886 0.0036816283480660774 0.0 0.018853449318685343 -0.9995775229936877 -0.022120645890014445 0.0 -0.18420219044662461 1.8546483826798061 -26.14138658724802 1.0
AVP5-CAMERA-FRONT_D: -0.3201545 0.1133811 -0.0263848 0.0014898
AVP5-CAMERA-FRONT_K: 2439.9014 0.0 1937.61133 0.0 2439.9014 1353.51111 0.0 0.0 1.0
AVP5-CAMERA-FRONT_image_width: 3856.0
AVP5-CAMERA-FRONT_image_height: 2176.0
AVP5-CAMERA-FRONT_image_scale: 1
