calib_AVP5-CAMERA-FRONT_to_velodyne64: 0.0017129649157429415 -0.015202897941365487 0.9998829619737409 0.0 -0.9999573628452447 -0.00909904786273304 0.0015747442887353881 0.0 0.009074042251425 -0.9998430272908724 -0.015217836082808746 0.0 -0.1777265081439438 1.4726723965890096 -17.414281859458924 1.0
AVP5-CAMERA-FRONT_D: -0.3201545 0.1133811 -0.0263848 0.0014898
AVP5-CAMERA-FRONT_K: 2439.9014 0.0 1937.61133 0.0 2439.9014 1353.51111 0.0 0.0 1.0
AVP5-CAMERA-FRONT_image_width: 3856.0
AVP5-CAMERA-FRONT_image_height: 2176.0
AVP5-CAMERA-FRONT_image_scale: 1
