calib_AVP5-CAMERA-FRONT_to_velodyne64: -0.004174639670823688 -0.017555616342919952 0.9998371731029201 0.0 -0.9999756334841444 -0.005520969790947059 -0.004272157599056403 0.0 0.005595071188332692 -0.9998306452731821 -0.017532140514205263 0.0 -0.1359048486930608 1.2039171561613367 -4.602980660575163 1.0
AVP5-CAMERA-FRONT_D: -0.3201545 0.1133811 -0.0263848 0.0014898
AVP5-CAMERA-FRONT_K: 2439.9014 0.0 1937.61133 0.0 2439.9014 1353.51111 0.0 0.0 1.0
AVP5-CAMERA-FRONT_image_width: 3856.0
AVP5-CAMERA-FRONT_image_height: 2176.0
AVP5-CAMERA-FRONT_image_scale: 1
