calib_AVP5-CAMERA-FRONT_to_velodyne64: -0.004202198018919859 -0.02720664869743326 0.9996209980780032 0.0 -0.9999803708708535 -0.0045315091025598594 -0.004327042667142259 0.0 0.00464751598164423 -0.9996195594784586 -0.027187072356038833 0.0 -0.10732550213696043 1.2235270239212326 -3.095555979495856 1.0
AVP5-CAMERA-FRONT_D: -0.3201545 0.1133811 -0.0263848 0.0014898
AVP5-CAMERA-FRONT_K: 2439.9014 0.0 1937.61133 0.0 2439.9014 1353.51111 0.0 0.0 1.0
AVP5-CAMERA-FRONT_image_width: 3856.0
AVP5-CAMERA-FRONT_image_height: 2176.0
AVP5-CAMERA-FRONT_image_scale: 1
