calib_AVP5-CAMERA-FRONT_to_velodyne64: -0.0046498728543776366 -0.016715394241455968 0.999849475810129 0.0 -0.999968793864106 -0.006308156411345276 -0.004755886947195738 0.0 0.006386703406502092 -0.9998403886411281 -0.016685540493333453 0.0 -0.1299383024936786 1.2284341790321829 -5.828375231182882 1.0
AVP5-CAMERA-FRONT_D: -0.3201545 0.1133811 -0.0263848 0.0014898
AVP5-CAMERA-FRONT_K: 2439.9014 0.0 1937.61133 0.0 2439.9014 1353.51111 0.0 0.0 1.0
AVP5-CAMERA-FRONT_image_width: 3856.0
AVP5-CAMERA-FRONT_image_height: 2176.0
AVP5-CAMERA-FRONT_image_scale: 1
