calib_AVP5-CAMERA-FRONT_to_velodyne64: -0.005538490519148065 -0.020952673935748792 0.9997651277063586 0.0 -0.9999787302694267 -0.0033276842177153076 -0.005609414095276445 0.0 0.003444434861399539 -0.9997749306582405 -0.02093379793052883 0.0 -0.11926251260984735 1.3536424137793819 -9.691198534726741 1.0
AVP5-CAMERA-FRONT_D: -0.3201545 0.1133811 -0.0263848 0.0014898
AVP5-CAMERA-FRONT_K: 2439.9014 0.0 1937.61133 0.0 2439.9014 1353.51111 0.0 0.0 1.0
AVP5-CAMERA-FRONT_image_width: 3856.0
AVP5-CAMERA-FRONT_image_height: 2176.0
AVP5-CAMERA-FRONT_image_scale: 1
