calib_AVP5-CAMERA-FRONT_to_velodyne64: -0.003502129056372388 -0.026949511538638383 0.9996306612543958 0.0 -0.9999839405637158 -0.004359778490529573 -0.003620904055052065 0.0 0.004455749851022738 -0.9996272886227858 -0.026933810237743896 0.0 -0.1456821231495551 1.1868106211468807 -3.100316171787892 1.0
AVP5-CAMERA-FRONT_D: -0.3201545 0.1133811 -0.0263848 0.0014898
AVP5-CAMERA-FRONT_K: 2439.9014 0.0 1937.61133 0.0 2439.9014 1353.51111 0.0 0.0 1.0
AVP5-CAMERA-FRONT_image_width: 3856.0
AVP5-CAMERA-FRONT_image_height: 2176.0
AVP5-CAMERA-FRONT_image_scale: 1
