calib_AVP5-CAMERA-FRONT_to_velodyne64: -0.004057208606589223 -0.026956376313326327 0.9996283773654973 0.0 -0.9999808728046713 -0.004557280856633073 -0.0041815327335153595 0.0 0.004668306237846134 -0.9996262226288626 -0.026937370874337032 0.0 -0.07797638637348561 1.2399851729230331 -3.087193279422818 1.0
AVP5-CAMERA-FRONT_D: -0.3201545 0.1133811 -0.0263848 0.0014898
AVP5-CAMERA-FRONT_K: 2439.9014 0.0 1937.61133 0.0 2439.9014 1353.51111 0.0 0.0 1.0
AVP5-CAMERA-FRONT_image_width: 3856.0
AVP5-CAMERA-FRONT_image_height: 2176.0
AVP5-CAMERA-FRONT_image_scale: 1
