calib_AVP5-CAMERA-FRONT_to_velodyne64: -0.0033130539747636945 -0.029686061450979462 0.9995537811588171 0.0 -0.9999745319944723 -0.006220214551877878 -0.0034991846714412865 0.0 0.006321315986133402 -0.9995399175052778 -0.029664697499657333 0.0 -0.01896711832361473 1.264848011167866 -2.062603151703729 1.0
AVP5-CAMERA-FRONT_D: -0.3201545 0.1133811 -0.0263848 0.0014898
AVP5-CAMERA-FRONT_K: 2439.9014 0.0 1937.61133 0.0 2439.9014 1353.51111 0.0 0.0 1.0
AVP5-CAMERA-FRONT_image_width: 3856.0
AVP5-CAMERA-FRONT_image_height: 2176.0
AVP5-CAMERA-FRONT_image_scale: 1
