calib_AVP5-CAMERA-FRONT_to_velodyne64: -0.004254096118016911 -0.02713839271587625 0.999622633950941 0.0 -0.9999803700924926 -0.004483125907550159 -0.004377329297439845 0.0 0.004600227809559669 -0.9996216330306663 -0.027118788343217445 0.0 -0.11792207011613051 1.2053015641851432 -3.09773088089437 1.0
AVP5-CAMERA-FRONT_D: -0.3201545 0.1133811 -0.0263848 0.0014898
AVP5-CAMERA-FRONT_K: 2439.9014 0.0 1937.61133 0.0 2439.9014 1353.51111 0.0 0.0 1.0
AVP5-CAMERA-FRONT_image_width: 3856.0
AVP5-CAMERA-FRONT_image_height: 2176.0
AVP5-CAMERA-FRONT_image_scale: 1
