calib_AVP5-CAMERA-FRONT_to_velodyne64: -0.003352230659406408 -0.024396290693448213 0.9996967457934467 0.0 -0.9999852751340677 -0.004184531644636838 -0.0034553161878468405 0.0 0.004267559565969673 -0.9996936084097546 -0.02438190394606407 0.0 -0.14343036977700574 1.187648289730871 -3.3083283801730268 1.0
AVP5-CAMERA-FRONT_D: -0.3201545 0.1133811 -0.0263848 0.0014898
AVP5-CAMERA-FRONT_K: 2439.9014 0.0 1937.61133 0.0 2439.9014 1353.51111 0.0 0.0 1.0
AVP5-CAMERA-FRONT_image_width: 3856.0
AVP5-CAMERA-FRONT_image_height: 2176.0
AVP5-CAMERA-FRONT_image_scale: 1
