calib_AVP5-CAMERA-FRONT_to_velodyne64: 0.006504184592059161 -0.014514238196494748 0.9998735082361004 0.0 -0.9997721792768736 -0.02042208952635514 0.0062070768762690935 0.0 0.02032941530794236 -0.9996860883042 -0.014643760592288156 0.0 -0.19303284777885116 2.113677105750008 -44.61616494399747 1.0
AVP5-CAMERA-FRONT_D: -0.3201545 0.1133811 -0.0263848 0.0014898
AVP5-CAMERA-FRONT_K: 2439.9014 0.0 1937.61133 0.0 2439.9014 1353.51111 0.0 0.0 1.0
AVP5-CAMERA-FRONT_image_width: 3856.0
AVP5-CAMERA-FRONT_image_height: 2176.0
AVP5-CAMERA-FRONT_image_scale: 1
