calib_AVP5-CAMERA-FRONT_to_velodyne64: -0.004242607902221825 -0.027191647206087126 0.9996212355689563 0.0 -0.9999803376603135 -0.004500824206579183 -0.0043665632054141635 0.0 0.004617853500644094 -0.9996201062922259 -0.027172017322337764 0.0 -0.11442124106656942 1.2092809114361531 -3.097002343006438 1.0
AVP5-CAMERA-FRONT_D: -0.3201545 0.1133811 -0.0263848 0.0014898
AVP5-CAMERA-FRONT_K: 2439.9014 0.0 1937.61133 0.0 2439.9014 1353.51111 0.0 0.0 1.0
AVP5-CAMERA-FRONT_image_width: 3856.0
AVP5-CAMERA-FRONT_image_height: 2176.0
AVP5-CAMERA-FRONT_image_scale: 1
