calib_AVP5-CAMERA-FRONT_to_velodyne64: 0.006792054509723703 -0.017378492065737352 0.9998259128513614 0.0 -0.9996850728463709 -0.024273205678328583 0.006369192589615838 0.0 0.02415829306227997 -0.9995543004257541 -0.017537884042789643 0.0 -0.19665435819386184 2.2962068676626335 -46.71403279387144 1.0
AVP5-CAMERA-FRONT_D: -0.3201545 0.1133811 -0.0263848 0.0014898
AVP5-CAMERA-FRONT_K: 2439.9014 0.0 1937.61133 0.0 2439.9014 1353.51111 0.0 0.0 1.0
AVP5-CAMERA-FRONT_image_width: 3856.0
AVP5-CAMERA-FRONT_image_height: 2176.0
AVP5-CAMERA-FRONT_image_scale: 1
