calib_AVP5-CAMERA-FRONT_to_velodyne64: 0.006564841977791784 -0.015517849004357842 0.9998580395296546 0.0 -0.9998953185358844 -0.012994575017369045 0.006363410260240035 0.0 0.012893983861816494 -0.9997951477089675 -0.015601531904761717 0.0 -0.20647831807375933 2.0818046261899803 -41.881751590449184 1.0
AVP5-CAMERA-FRONT_D: -0.3201545 0.1133811 -0.0263848 0.0014898
AVP5-CAMERA-FRONT_K: 2439.9014 0.0 1937.61133 0.0 2439.9014 1353.51111 0.0 0.0 1.0
AVP5-CAMERA-FRONT_image_width: 3856.0
AVP5-CAMERA-FRONT_image_height: 2176.0
AVP5-CAMERA-FRONT_image_scale: 1
