calib_AVP5-CAMERA-FRONT_to_velodyne64: -0.003958943195254492 -0.02791527383935082 0.9996024531058587 0.0 -0.999981215092874 -0.004567039197689771 -0.0040879841421118425 0.0 0.004679340782219323 -0.9995998597636161 -0.027896668804770177 0.0 -0.056678904251018666 1.2543177461599635 -3.045606112819982 1.0
AVP5-CAMERA-FRONT_D: -0.3201545 0.1133811 -0.0263848 0.0014898
AVP5-CAMERA-FRONT_K: 2439.9014 0.0 1937.61133 0.0 2439.9014 1353.51111 0.0 0.0 1.0
AVP5-CAMERA-FRONT_image_width: 3856.0
AVP5-CAMERA-FRONT_image_height: 2176.0
AVP5-CAMERA-FRONT_image_scale: 1
