calib_AVP5-CAMERA-FRONT_to_velodyne64: -0.004213884006237637 -0.0271813075286634 0.9996216382725085 0.0 -0.9999803024307616 -0.0045354429701358985 -0.0043387218794210805 0.0 0.004651659065784704 -0.9996202310268119 -0.027161660292383285 0.0 -0.11229252959364032 1.2156919273654103 -3.096991947156047 1.0
AVP5-CAMERA-FRONT_D: -0.3201545 0.1133811 -0.0263848 0.0014898
AVP5-CAMERA-FRONT_K: 2439.9014 0.0 1937.61133 0.0 2439.9014 1353.51111 0.0 0.0 1.0
AVP5-CAMERA-FRONT_image_width: 3856.0
AVP5-CAMERA-FRONT_image_height: 2176.0
AVP5-CAMERA-FRONT_image_scale: 1
