calib_AVP5-CAMERA-FRONT_to_velodyne64: -0.003916067329199621 -0.027030674734422805 0.9996269339308911 0.0 -0.9999827157274189 -0.0042780834350479345 -0.004033143753730353 0.0 0.004385506024241796 -0.9996254501689741 -0.027013454266101054 0.0 -0.1407526059660376 1.1899244907831166 -3.099337074185523 1.0
AVP5-CAMERA-FRONT_D: -0.3201545 0.1133811 -0.0263848 0.0014898
AVP5-CAMERA-FRONT_K: 2439.9014 0.0 1937.61133 0.0 2439.9014 1353.51111 0.0 0.0 1.0
AVP5-CAMERA-FRONT_image_width: 3856.0
AVP5-CAMERA-FRONT_image_height: 2176.0
AVP5-CAMERA-FRONT_image_scale: 1
