calib_AVP5-CAMERA-FRONT_to_velodyne64: -0.0051691581048242865 -0.016066330712679665 0.9998575662672746 0.0 -0.9999733129258693 -0.0050790308389333655 -0.005251369516439135 0.0 0.005162677652957986 -0.9998580281535813 -0.016039647635895188 0.0 -0.12976210523492387 1.234015675649111 -6.250276138972848 1.0
AVP5-CAMERA-FRONT_D: -0.3201545 0.1133811 -0.0263848 0.0014898
AVP5-CAMERA-FRONT_K: 2439.9014 0.0 1937.61133 0.0 2439.9014 1353.51111 0.0 0.0 1.0
AVP5-CAMERA-FRONT_image_width: 3856.0
AVP5-CAMERA-FRONT_image_height: 2176.0
AVP5-CAMERA-FRONT_image_scale: 1
