calib_AVP5-CAMERA-FRONT_to_velodyne64: -0.004130924686882258 -0.02711591187347999 0.9996237606142124 0.0 -0.9999812868783263 -0.004398721390662581 -0.004251722391392279 0.0 0.004512355748103844 -0.999622618078141 -0.02709723366333839 0.0 -0.12654630063967942 1.1962933013712562 -3.0986543686404353 1.0
AVP5-CAMERA-FRONT_D: -0.3201545 0.1133811 -0.0263848 0.0014898
AVP5-CAMERA-FRONT_K: 2439.9014 0.0 1937.61133 0.0 2439.9014 1353.51111 0.0 0.0 1.0
AVP5-CAMERA-FRONT_image_width: 3856.0
AVP5-CAMERA-FRONT_image_height: 2176.0
AVP5-CAMERA-FRONT_image_scale: 1
