calib_AVP5-CAMERA-FRONT_to_velodyne64: -0.0035421502874689605 -0.02746252917948575 0.9996165578172492 0.0 -0.9999751627937545 -0.005993655036438086 -0.003708085072915891 0.0 0.006093190210783269 -0.9996048647292439 -0.027440616660074173 0.0 -0.018871521350555417 1.2633990528682764 -2.3294531400566267 1.0
AVP5-CAMERA-FRONT_D: -0.3201545 0.1133811 -0.0263848 0.0014898
AVP5-CAMERA-FRONT_K: 2439.9014 0.0 1937.61133 0.0 2439.9014 1353.51111 0.0 0.0 1.0
AVP5-CAMERA-FRONT_image_width: 3856.0
AVP5-CAMERA-FRONT_image_height: 2176.0
AVP5-CAMERA-FRONT_image_scale: 1
