calib_AVP5-CAMERA-FRONT_to_velodyne64: -0.004196546380320892 -0.02711966675603915 0.9996233854174875 0.0 -0.9999803796534109 -0.004535253475871189 -0.004321085989542217 0.0 0.0046507318453374 -0.999621906097976 -0.02710010225722 0.0 -0.10556157060160166 1.226195530123278 -3.0944157617138828 1.0
AVP5-CAMERA-FRONT_D: -0.3201545 0.1133811 -0.0263848 0.0014898
AVP5-CAMERA-FRONT_K: 2439.9014 0.0 1937.61133 0.0 2439.9014 1353.51111 0.0 0.0 1.0
AVP5-CAMERA-FRONT_image_width: 3856.0
AVP5-CAMERA-FRONT_image_height: 2176.0
AVP5-CAMERA-FRONT_image_scale: 1
