calib_AVP5-CAMERA-FRONT_to_velodyne64: -0.003724328516617343 -0.027002596246770424 0.999628425552732 0.0 -0.9999833806575483 -0.0042987441632618695 -0.00384177137781132 0.0 0.004400884661162938 -0.9996261204043004 -0.02698613754590342 0.0 -0.1429146262883279 1.1875723576949415 -3.099089430452165 1.0
AVP5-CAMERA-FRONT_D: -0.3201545 0.1133811 -0.0263848 0.0014898
AVP5-CAMERA-FRONT_K: 2439.9014 0.0 1937.61133 0.0 2439.9014 1353.51111 0.0 0.0 1.0
AVP5-CAMERA-FRONT_image_width: 3856.0
AVP5-CAMERA-FRONT_image_height: 2176.0
AVP5-CAMERA-FRONT_image_scale: 1
