calib_AVP5-CAMERA-FRONT_to_velodyne64: 0.0003458719107031124 -0.02053861237797505 0.9997890006267364 0.0 -0.999996975296024 0.002427494975159115 0.0003958117589202698 0.0 -0.002435112199531822 -0.999786113461141 -0.020537710652427238 0.0 -0.17618903977403727 1.4869010611176623 -14.521759720905015 1.0
AVP5-CAMERA-FRONT_D: -0.3201545 0.1133811 -0.0263848 0.0014898
AVP5-CAMERA-FRONT_K: 2439.9014 0.0 1937.61133 0.0 2439.9014 1353.51111 0.0 0.0 1.0
AVP5-CAMERA-FRONT_image_width: 3856.0
AVP5-CAMERA-FRONT_image_height: 2176.0
AVP5-CAMERA-FRONT_image_scale: 1
