calib_AVP5-CAMERA-FRONT_to_velodyne64: -0.004192337858645022 -0.027153781063839137 0.9996224769767914 0.0 -0.9999802618132856 -0.0045642521785953525 -0.004317821891049349 0.0 0.004679774258616449 -0.9996208480098778 -0.027134110210233747 0.0 -0.10909648238510715 1.2214456703591943 -3.0959666061664075 1.0
AVP5-CAMERA-FRONT_D: -0.3201545 0.1133811 -0.0263848 0.0014898
AVP5-CAMERA-FRONT_K: 2439.9014 0.0 1937.61133 0.0 2439.9014 1353.51111 0.0 0.0 1.0
AVP5-CAMERA-FRONT_image_width: 3856.0
AVP5-CAMERA-FRONT_image_height: 2176.0
AVP5-CAMERA-FRONT_image_scale: 1
