calib_AVP5-CAMERA-FRONT_to_velodyne64: -0.003354580916166463 -0.025010674746679035 0.9996815557644303 0.0 -0.9999838672679368 -0.004498575738394072 -0.003468143622572406 0.0 0.004583883805000875 -0.999677062338154 -0.024995180419842673 0.0 -0.1446234768302696 1.185554695621932 -3.155542655186494 1.0
AVP5-CAMERA-FRONT_D: -0.3201545 0.1133811 -0.0263848 0.0014898
AVP5-CAMERA-FRONT_K: 2439.9014 0.0 1937.61133 0.0 2439.9014 1353.51111 0.0 0.0 1.0
AVP5-CAMERA-FRONT_image_width: 3856.0
AVP5-CAMERA-FRONT_image_height: 2176.0
AVP5-CAMERA-FRONT_image_scale: 1
