calib_AVP5-CAMERA-FRONT_to_velodyne64: -0.003810701032857018 -0.027377165510573783 0.9996179116873828 0.0 -0.9999783388384424 -0.0052603034279411634 -0.003956142281957905 0.0 0.005366601489517109 -0.9996113344777823 -0.027356527045662656 0.0 -0.03275183393058867 1.2647942661518592 -2.717400409661834 1.0
AVP5-CAMERA-FRONT_D: -0.3201545 0.1133811 -0.0263848 0.0014898
AVP5-CAMERA-FRONT_K: 2439.9014 0.0 1937.61133 0.0 2439.9014 1353.51111 0.0 0.0 1.0
AVP5-CAMERA-FRONT_image_width: 3856.0
AVP5-CAMERA-FRONT_image_height: 2176.0
AVP5-CAMERA-FRONT_image_scale: 1
