calib_AVP5-CAMERA-FRONT_to_velodyne64: 0.015784940672290623 -0.017729560260736608 0.9997182094675144 0.0 -0.9996466388655932 -0.02166681752010698 0.01539955919085139 0.0 0.02138768460339778 -0.9996080290351371 -0.01806530475232256 0.0 -0.63287786203918 2.7129673854620604 -61.84838290918853 1.0
AVP5-CAMERA-FRONT_D: -0.3201545 0.1133811 -0.0263848 0.0014898
AVP5-CAMERA-FRONT_K: 2439.9014 0.0 1937.61133 0.0 2439.9014 1353.51111 0.0 0.0 1.0
AVP5-CAMERA-FRONT_image_width: 3856.0
AVP5-CAMERA-FRONT_image_height: 2176.0
AVP5-CAMERA-FRONT_image_scale: 1
